-0.00000001 11.5478582872350390 -0.0002419461877935
-0.00000001 11.3779790587223566 -0.0002430218496733
-0.00000001 11.2112516739493895 -0.0002441022938084
-0.00000001 11.0422853686111857 -0.0002451875414601
-0.00000001 10.8779097564122917 -0.0002462776139842
-0.00000001 10.7159250592479971 -0.0002473725328316
-0.00000001 10.5534550317399205 -0.0002484723195483
-0.00000001 10.3940859724114141 -0.0002495769957763
-0.00000001 10.2415579955801821 -0.0002506865832537
-0.00000001 10.0927122232490536 -0.0002518011038152
-0.00000001 9.9400965970646968 -0.0002529205793929
-0.00000001 9.7891989533611046 -0.0002540450320159
-0.00000001 9.6430051320455412 -0.0002551744838116
-0.00000001 9.5015449035984414 -0.0002563089570057
-0.00000001 9.3632334382530473 -0.0002574484739227
-0.00000001 9.2223199785403978 -0.0002585930569863
-0.00000001 9.0834278743769161 -0.0002597427287200
-0.00000001 8.9478471953784027 -0.0002608975117473
-0.00000001 8.8148345340845768 -0.0002620574287925
-0.00000001 8.6855495215239262 -0.0002632225026805
-0.00000001 8.5569885863525261 -0.0002643927563383
-0.00000001 8.4329397246839779 -0.0002655682127942
-0.00000001 8.3072905569882014 -0.0002667488951793
-0.00000001 8.1792380076923852 -0.0002679348267275
-0.00000001 8.0592342504143311 -0.0002691260307757
-0.00000001 7.9422897173802367 -0.0002703225307649
-0.00000001 7.8257184851098085 -0.0002715243502401
-0.00000001 7.7087981558449350 -0.0002727315128511
-0.00000001 7.5938582406688599 -0.0002739440423528
-0.00000001 7.4833144029445080 -0.0002751619626056
-0.00000001 7.3712124795163900 -0.0002763852975763
-0.00000001 7.2610605404227249 -0.0002776140713378
-0.00000001 7.1567324630838502 -0.0002788483080704
-0.00000001 7.0538349318915508 -0.0002800880320617
-0.00000001 6.9481841493932430 -0.0002813332677074
-0.00000001 6.8427103262778104 -0.0002825840395115
-0.00000001 6.7448118664886323 -0.0002838403720872
-0.00000001 6.6498280273541859 -0.0002851022901569
-0.00000001 6.5489762654491255 -0.0002863698185529
-0.00000001 6.4504564483780404 -0.0002876429822181
-0.00000001 6.3573218008263375 -0.0002889218062062
-0.00000001 6.2642779268174840 -0.0002902063156821
-0.00000001 6.1774404233814009 -0.0002914965359230
-0.00000001 6.0871758304415140 -0.0002927924923180
-0.00000001 5.9926351351028559 -0.0002940942103693
-0.00000001 5.9072435316918366 -0.0002954017156926
-0.00000001 5.8213659770567796 -0.0002967150340174
-0.00000001 5.7365487395628669 -0.0002980341911874
-0.00000001 5.6566572369892221 -0.0002993592131614
-0.00000001 5.5734510696072119 -0.0003006901260136
-0.00000001 5.4912914517539226 -0.0003020269559340
-0.00000001 5.4132451141661946 -0.0003033697292292
-0.00000001 5.3353860111408578 -0.0003047184723227
-0.00000001 5.2579882402490590 -0.0003060732117554
-0.00000001 5.1811257920135612 -0.0003074339741862
-0.00000001 5.1052553313844111 -0.0003088007863926
-0.00000001 5.0343858979375149 -0.0003101736752711
-0.00000002 4.9645420166311878 -0.0003115526678379
-0.00000002 4.8927497224777721 -0.0003129377912291
-0.00000002 4.8233443742675464 -0.0003143290727016
-0.00000002 4.7529342075272751 -0.0003157265396334
-0.00000002 4.6817356118477047 -0.0003171302195242
-0.00000002 4.6170106879563866 -0.0003185401399961
-0.00000002 4.5552008304645462 -0.0003199563287939
-0.00000002 4.4889570076795859 -0.0003213788137857
-0.00000002 4.4247073920320217 -0.0003228076229636
-0.00000002 4.3661853399796087 -0.0003242427844441
-0.00000002 4.3019094465751513 -0.0003256843264687
-0.00000002 4.2365280065485926 -0.0003271322774045
-0.00000002 4.1812269775312361 -0.0003285866657447
-0.00000002 4.1259566842782007 -0.0003300475201091
-0.00000002 4.0654674706056451 -0.0003315148692448
-0.00000002 4.0076245866414810 -0.0003329887420267
-0.00000002 3.9546191856165476 -0.0003344691674581
-0.00000002 3.9002233796986778 -0.0003359561746713
-0.00000002 3.8440181958373358 -0.0003374497929279
-0.00000002 3.7912897673505137 -0.0003389500516198
-0.00000002 3.7387982293999626 -0.0003404569802696
-0.00000002 3.6882021023828711 -0.0003419706085308
-0.00000002 3.6405634120296373 -0.0003434909661893
-0.00000002 3.5885149637601188 -0.0003450180831629
-0.00000002 3.5370578011643166 -0.0003465519895028
-0.00000002 3.4896628653702413 -0.0003480927153935
-0.00000003 3.4429199562267421 -0.0003496402911538
-0.00000003 3.3987010474373682 -0.0003511947472374
-0.00000003 3.3541885237752469 -0.0003527561142334
-0.00000003 3.3070947536857385 -0.0003543244228666
-0.00000003 3.2616285680552353 -0.0003558997039987
-0.00000003 3.2190882097807547 -0.0003574819886286
-0.00000003 3.1771647308079771 -0.0003590713078928
-0.00000003 3.1343822230973588 -0.0003606676930665
-0.00000003 3.0928344389916012 -0.0003622711755636
-0.00000003 3.0532951931847148 -0.0003638817869380
-0.00000003 3.0119497888772471 -0.0003654995588837
-0.00000003 2.9714125064917773 -0.0003671245232357
-0.00000003 2.9353492296448773 -0.0003687567119704
-0.00000003 2.8987741070431037 -0.0003703961572066
-0.00000003 2.8588743869677233 -0.0003720428912056
-0.00000003 2.8204171118480099 -0.0003736969463724
-0.00000003 2.7860570238944526 -0.0003753583552558
-0.00000004 2.7520520813657354 -0.0003770271505495
-0.00000004 2.7168167958393443 -0.0003787033650926
-0.00000004 2.6813308464076870 -0.0003803870318699
-0.00000004 2.6477504583703446 -0.0003820781840132
-0.00000004 2.6158793316111910 -0.0003837768548014
-0.00000004 2.5827776935014306 -0.0003854830776614
-0.00000004 2.5499783881639537 -0.0003871968861687
-0.00000004 2.5189838379179084 -0.0003889183140480
-0.00000004 2.4887564093357049 -0.0003906473951741
-0.00000004 2.4580009552897155 -0.0003923841635722
-0.00000004 2.4276378081160721 -0.0003941286534191
-0.00000004 2.3985165891524578 -0.0003958808990431
-0.00000004 2.3695589639998089 -0.0003976409349254
-0.00000005 2.3413081496776056 -0.0003994087957005
-0.00000005 2.3140194915034034 -0.0004011845161568
-0.00000005 2.2872448800750855 -0.0004029681312374
-0.00000005 2.2600347294558603 -0.0004047596760407
-0.00000005 2.2324524053517547 -0.0004065591858212
-0.00000005 2.2066884391489485 -0.0004083666959901
-0.00000005 2.1825002545458734 -0.0004101822421160
-0.00000005 2.1580081306638901 -0.0004120058599258
-0.00000005 2.1324424565116571 -0.0004138375853050
-0.00000005 2.1076774284167987 -0.0004156774542988
-0.00000006 2.0851311389240679 -0.0004175255031126
-0.00000006 2.0620607020233246 -0.0004193817681128
-0.00000006 2.0389256566155551 -0.0004212462858273
-0.00000006 2.0169195050849922 -0.0004231190929467
-0.00000006 1.9943592172739750 -0.0004250002263245
-0.00000006 1.9722144587068955 -0.0004268897229782
-0.00000006 1.9517156200265480 -0.0004287876200896
-0.00000006 1.9318598022402604 -0.0004306939550061
-0.00000006 1.9113842127454443 -0.0004326087652409
-0.00000007 1.8903157642977875 -0.0004345320884743
-0.00000007 1.8706978663643901 -0.0004364639625538
-0.00000007 1.8523837854436169 -0.0004384044254953
-0.00000007 1.8330122314723014 -0.0004403535154836
-0.00000007 1.8137668803436595 -0.0004423112708735
-0.00000007 1.7961412477945990 -0.0004442777301902
-0.00000007 1.7789856909118846 -0.0004462529321300
-0.00000008 1.7611654317360714 -0.0004482369155614
-0.00000008 1.7434291382776503 -0.0004502297195258
-0.00000008 1.7268373785847198 -0.0004522313832380
-0.00000008 1.7106319144479241 -0.0004542419460872
-0.00000008 1.6942691035327893 -0.0004562614476377
-0.00000008 1.6784846746758499 -0.0004582899276298
-0.00000009 1.6633272452418997 -0.0004603274259804
-0.00000009 1.6481124525447226 -0.0004623739827836
-0.00000009 1.6327763186001902 -0.0004644296383123
-0.00000009 1.6178374164289662 -0.0004664944330180
-0.00000009 1.6036324361104426 -0.0004685684075322
-0.00000009 1.5900194832193186 -0.0004706516026671
-0.00000010 1.5765921650167241 -0.0004727440594162
-0.00000010 1.5626402294073525 -0.0004748458189553
-0.00000010 1.5491458532684441 -0.0004769569226433
-0.00000010 1.5369285129220385 -0.0004790774120229
-0.00000010 1.5242343003549228 -0.0004812073288217
-0.00000011 1.5112551151217408 -0.0004833467149525
-0.00000011 1.4994985760092860 -0.0004854956125146
-0.00000011 1.4878625633823115 -0.0004876540637945
-0.00000011 1.4758217787210359 -0.0004898221112666
-0.00000012 1.4644765835604650 -0.0004919997975942
-0.00000012 1.4538907236502530 -0.0004941871656303
-0.00000012 1.4431701362484568 -0.0004963842584183
-0.00000012 1.4320260896913055 -0.0004985911191930
-0.00000013 1.4214577853934207 -0.0005008077913815
-0.00000013 1.4116518791482833 -0.0005030343186039
-0.00000013 1.4018847702596275 -0.0005052707446742
-0.00000013 1.3923023581184037 -0.0005075171136013
-0.00000014 1.3828410190935454 -0.0005097734695895
-0.00000014 1.3732189462643780 -0.0005120398570399
-0.00000014 1.3644316180871920 -0.0005143163205509
-0.00000014 1.3560802520016395 -0.0005166029049191
-0.00000015 1.3470725601609099 -0.0005188996551403
-0.00000015 1.3383892485543045 -0.0005212066164105
-0.00000015 1.3301997350470205 -0.0005235238341263
-0.00000016 1.3222516737060332 -0.0005258513538863
-0.00000016 1.3148017366396516 -0.0005281892214920
-0.00000016 1.3074921291755093 -0.0005305374829483
-0.00000017 1.3000070392701317 -0.0005328961844645
-0.00000017 1.2924552797451234 -0.0005352653724557
-0.00000017 1.2855102241213610 -0.0005376450935430
-0.00000018 1.2788428018775129 -0.0005400353945550
-0.00000018 1.2720360635792443 -0.0005424363225285
-0.00000018 1.2656843195852123 -0.0005448479247091
-0.00000019 1.2595114372684320 -0.0005472702485528
-0.00000019 1.2532189261497042 -0.0005497033417264
-0.00000020 1.2473657035387329 -0.0005521472521087
-0.00000020 1.2415960618388167 -0.0005546020277912
-0.00000020 1.2357734054705669 -0.0005570677170793
-0.00000021 1.2306783287891268 -0.0005595443684932
-0.00000021 1.2253898885308363 -0.0005620320307688
-0.00000022 1.2199929531677582 -0.0005645307528586
-0.00000022 1.2153195777452754 -0.0005670405839326
-0.00000023 1.2105989906472956 -0.0005695615733798
-0.00000023 1.2058617627959332 -0.0005720937708083
-0.00000024 1.2013525699300305 -0.0005746372260470
-0.00000024 1.1969574305082311 -0.0005771919891463
-0.00000025 1.1927754876710064 -0.0005797581103791
-0.00000025 1.1888725533932709 -0.0005823356402417
-0.00000026 1.1851135365556420 -0.0005849246294550
-0.00000026 1.1811670611250413 -0.0005875251289654
-0.00000027 1.1773407853754119 -0.0005901371899458
-0.00000027 1.1740331333767076 -0.0005927608637963
-0.00000028 1.1708264698364146 -0.0005953962021460
-0.00000028 1.1674437880538853 -0.0005980432568531
-0.00000029 1.1643721354755878 -0.0006007020800065
-0.00000030 1.1616907537855452 -0.0006033727239268
-0.00000030 1.1587683941829299 -0.0006060552411670
-0.00000031 1.1558105603883648 -0.0006087496845139
-0.00000032 1.1533315278361558 -0.0006114561069887
-0.00000032 1.1510303735327876 -0.0006141745618486
-0.00000033 1.1486110605192086 -0.0006169051025874
-0.00000034 1.1463991494373049 -0.0006196477829368
-0.00000034 1.1445750980376284 -0.0006224026568673
-0.00000035 1.1426342342905924 -0.0006251697785892
-0.00000036 1.1404380208366822 -0.0006279492025542
-0.00000037 1.1385542723968229 -0.0006307409834558
-0.00000037 1.1372812939790105 -0.0006335451762306
-0.00000038 1.1359084822700796 -0.0006363618360594
-0.00000039 1.1342395788524071 -0.0006391910183686
-0.00000040 1.1329736288658903 -0.0006420327788306
-0.00000041 1.1318874480990111 -0.0006448871733654
-0.00000041 1.1307777389009730 -0.0006477542581418
-0.00000042 1.1298873475356674 -0.0006506340895780
-0.00000043 1.1289390349953359 -0.0006535267243434
-0.00000044 1.1279681063542815 -0.0006564322193589
-0.00000045 1.1273986082019190 -0.0006593506317986
-0.00000046 1.1269551969401148 -0.0006622820190911
-0.00000047 1.1263896408782916 -0.0006652264389197
-0.00000048 1.1260158039201280 -0.0006681839492245
-0.00000049 1.1257770884980149 -0.0006711546082032
-0.00000050 1.1255345864616346 -0.0006741384743119
-0.00000051 1.1254292426981580 -0.0006771356062670
-0.00000052 1.1254008169473928 -0.0006801460630456
-0.00000053 1.1254610452293647 -0.0006831699038871
-0.00000055 1.1256427371656195 -0.0006862071882941
-0.00000056 1.1258583381144720 -0.0006892579760338
-0.00000057 1.1263215918008433 -0.0006923223271393
-0.00000058 1.1269003698610798 -0.0006954003019102
-0.00000059 1.1272064188211657 -0.0006984919609144
-0.00000061 1.1276653027661943 -0.0007015973649889
-0.00000062 1.1285222928615632 -0.0007047165752413
-0.00000063 1.1293361695374406 -0.0007078496530507
-0.00000065 1.1300827525477506 -0.0007109966600691
-0.00000066 1.1309964546230942 -0.0007141576582225
-0.00000067 1.1320481724303204 -0.0007173327097123
-0.00000069 1.1331377536250495 -0.0007205218770163
-0.00000070 1.1342656507413240 -0.0007237252228902
-0.00000072 1.1354259658807970 -0.0007269428103683
-0.00000073 1.1367170019615465 -0.0007301747027655
-0.00000075 1.1381821492295534 -0.0007334209636778
-0.00000077 1.1396812589813234 -0.0007366816569843
-0.00000078 1.1412455738739120 -0.0007399568468476
-0.00000080 1.1427599088939868 -0.0007432465977158
-0.00000082 1.1443395030999466 -0.0007465509743235
-0.00000084 1.1462141294369488 -0.0007498700416928
-0.00000085 1.1480160005072806 -0.0007532038651352
-0.00000087 1.1498088575082939 -0.0007565525102521
-0.00000089 1.1518113337792715 -0.0007599160429368
-0.00000091 1.1538437280283309 -0.0007632945293754
-0.00000093 1.1559197387761482 -0.0007666880360481
-0.00000095 1.1580631502545642 -0.0007700966297309
-0.00000097 1.1602583840859888 -0.0007735203774963
-0.00000099 1.1625435616590545 -0.0007769593467150
-0.00000102 1.1648899152827232 -0.0007804136050573
-0.00000104 1.1672590419491371 -0.0007838832204942
-0.00000106 1.1697204125800658 -0.0007873682612989
-0.00000108 1.1722639049435850 -0.0007908687960478
-0.00000111 1.1748422026232772 -0.0007943848936224
-0.00000113 1.1775109165528321 -0.0007979166232102
-0.00000116 1.1802423409589340 -0.0008014640543064
-0.00000118 1.1830066734253357 -0.0008050272567149
-0.00000121 1.1858075008184807 -0.0008086063005499
-0.00000124 1.1886369730906101 -0.0008122012562374
-0.00000126 1.1915809402268682 -0.0008158121945162
-0.00000129 1.1946800270025180 -0.0008194391864396
-0.00000132 1.1977406018718091 -0.0008230823033768
-0.00000135 1.2007544781676258 -0.0008267416170139
-0.00000138 1.2039266292736450 -0.0008304171993561
-0.00000141 1.2071857658493250 -0.0008341091227281
-0.00000144 1.2104137953177658 -0.0008378174597765
-0.00000147 1.2137644083589889 -0.0008415422834705
-0.00000151 1.2172425444011916 -0.0008452836671036
-0.00000154 1.2206207609033259 -0.0008490416842953
-0.00000158 1.2240355914822763 -0.0008528164089920
-0.00000161 1.2276157089345110 -0.0008566079154689
-0.00000165 1.2312224038266208 -0.0008604162783313
-0.00000168 1.2348893867825130 -0.0008642415725159
-0.00000172 1.2385876182285740 -0.0008680838732927
-0.00000176 1.2422504526671339 -0.0008719432562661
-0.00000180 1.2460136787565346 -0.0008758197973763
-0.00000184 1.2499457232421165 -0.0008797135729013
-0.00000188 1.2539028618128372 -0.0008836246594579
-0.00000192 1.2577689608804778 -0.0008875531340033
-0.00000197 1.2616825922689969 -0.0008914990738370
-0.00000201 1.2657715580351632 -0.0008954625566017
-0.00000206 1.2699061780670915 -0.0008994436602852
-0.00000211 1.2740089466208477 -0.0009034424632221
-0.00000215 1.2781649653816602 -0.0009074590440948
-0.00000220 1.2824038489415455 -0.0009114934819354
-0.00000225 1.2866681878019419 -0.0009155458561274
-0.00000230 1.2909669446010084 -0.0009196162464068
-0.00000236 1.2953620292054699 -0.0009237047328641
-0.00000241 1.2997759382035277 -0.0009278113959455
-0.00000247 1.3041946903636013 -0.0009319363164548
-0.00000252 1.3087012518029375 -0.0009360795755547
-0.00000258 1.3132412881277424 -0.0009402412547688
-0.00000264 1.3177976097624720 -0.0009444214359825
-0.00000270 1.3224482430015818 -0.0009486202014455
-0.00000276 1.3271585659555614 -0.0009528376337725
-0.00000283 1.3318480828312285 -0.0009570738159457
-0.00000289 1.3365564851840042 -0.0009613288313156
-0.00000296 1.3413741057790960 -0.0009656027636033
-0.00000303 1.3462617434481499 -0.0009698956969017
-0.00000310 1.3511315226017531 -0.0009742077156773
-0.00000317 1.3560358543710254 -0.0009785389047719
-0.00000324 1.3609995325019457 -0.0009828893494043
-0.00000332 1.3660017920889491 -0.0009872591351717
-0.00000339 1.3710656500639558 -0.0009916483480517
-0.00000347 1.3761498949143134 -0.0009960570744038
-0.00000355 1.3812637047586858 -0.0010004854009711
-0.00000364 1.3864530997604740 -0.0010049334148821
-0.00000372 1.3916674767381718 -0.0010094012036522
-0.00000381 1.3968967655880509 -0.0010138888551857
-0.00000390 1.4021928100878185 -0.0010183964577772
-0.00000399 1.4075256767737772 -0.0010229241001136
-0.00000408 1.4128817346733089 -0.0010274718712757
-0.00000418 1.4183125338266862 -0.0010320398607398
-0.00000428 1.4237651290343416 -0.0010366281583799
-0.00000438 1.4292176797602492 -0.0010412368544689
-0.00000448 1.4347460443465532 -0.0010458660396807
-0.00000459 1.4403216865961941 -0.0010505158050918
-0.00000470 1.4459065743694945 -0.0010551862421835
-0.00000481 1.4515488758467079 -0.0010598774428429
-0.00000492 1.4572327159803140 -0.0010645894993654
-0.00000504 1.4629380719065419 -0.0010693225044562
-0.00000516 1.4686817499155347 -0.0010740765512321
-0.00000528 1.4744614869715822 -0.0010788517332236
-0.00000541 1.4802972666433267 -0.0010836481443760
-0.00000554 1.4861705686912823 -0.0010884658790522
-0.00000567 1.4920604193453091 -0.0010933050320338
-0.00000581 1.4979888820300844 -0.0010981656985233
-0.00000595 1.5039549037178526 -0.0011030479741457
-0.00000609 1.5099612374337021 -0.0011079519549507
-0.00000624 1.5160175217236023 -0.0011128777374143
-0.00000639 1.5221031313751714 -0.0011178254184407
-0.00000654 1.5282042003495997 -0.0011227950953643
-0.00000670 1.5343384024229678 -0.0011277868659515
-0.00000686 1.5405341335217166 -0.0011328008284027
-0.00000703 1.5467815519007633 -0.0011378370813540
-0.00000720 1.5530347379827316 -0.0011428957238794
-0.00000738 1.5593076602986797 -0.0011479768554924
-0.00000756 1.5656365828343002 -0.0011530805761483
-0.00000774 1.5720020449621992 -0.0011582069862458
-0.00000793 1.5784007568557494 -0.0011633561866290
-0.00000812 1.5848390904593386 -0.0011685282785896
-0.00000832 1.5912980209423178 -0.0011737233638688
-0.00000853 1.5977922396833815 -0.0011789415446589
-0.00000874 1.6043374459585218 -0.0011841829236056
-0.00000895 1.6109103319468454 -0.0011894476038100
-0.00000917 1.6175083690342680 -0.0011947356888304
-0.00000940 1.6241433468057125 -0.0012000472826845
-0.00000963 1.6308107787034314 -0.0012053824898513
-0.00000987 1.6375167886507007 -0.0012107414152733
-0.00001012 1.6442585089705390 -0.0012161241643580
-0.00001037 1.6510257899848400 -0.0012215308429807
-0.00001063 1.6578333874143150 -0.0012269615574857
-0.00001089 1.6646806616351633 -0.0012324164146892
-0.00001117 1.6715517820872050 -0.0012378955218806
-0.00001145 1.6784472785221329 -0.0012433989868251
-0.00001173 1.6853835265631674 -0.0012489269177655
-0.00001203 1.6923647726305628 -0.0012544794234243
-0.00001233 1.6993650323220335 -0.0012600566130057
-0.00001264 1.7063895309053134 -0.0012656585961981
-0.00001296 1.7134582241587071 -0.0012712854831757
-0.00001329 1.7205612770390097 -0.0012769373846007
-0.00001363 1.7276964394709884 -0.0012826144116259
-0.00001398 1.7348651739253815 -0.0012883166758961
-0.00001433 1.7420608771469297 -0.0012940442895508
-0.00001470 1.7492803018254137 -0.0012997973652259
-0.00001507 1.7565390348496512 -0.0013055760160562
-0.00001546 1.7638374794489218 -0.0013113803556776
-0.00001585 1.7711585880673675 -0.0013172104982286
-0.00001626 1.7785127975362014 -0.0013230665583533
-0.00001668 1.7858996679545807 -0.0013289486512032
-0.00001711 1.7933125235870109 -0.0013348568924393
-0.00001755 1.8007598872895509 -0.0013407913982343
-0.00001801 1.8082403664094482 -0.0013467522852750
-0.00001847 1.8157464008939435 -0.0013527396707644
-0.00001895 1.8232823351285703 -0.0013587536724237
-0.00001945 1.8308569868665001 -0.0013647944084949
-0.00001995 1.8384574429346681 -0.0013708619977426
-0.00002047 1.8460812977011463 -0.0013769565594566
-0.00002101 1.8537442134122162 -0.0013830782134540
-0.00002156 1.8614387667612322 -0.0013892270800813
-0.00002213 1.8691559550263381 -0.0013954032802170
-0.00002271 1.8769013084901867 -0.0014016069352733
-0.00002331 1.8846785590220669 -0.0014078381671987
-0.00002393 1.8924860996493051 -0.0014140970984803
-0.00002456 1.9003214612704777 -0.0014203838521460
-0.00002521 1.9081859290931171 -0.0014266985517668
-0.00002588 1.9160799234641583 -0.0014330413214591
-0.00002657 1.9240033973328097 -0.0014394122858869
-0.00002728 1.9319542668157659 -0.0014458115702642
-0.00002801 1.9399300179293124 -0.0014522393003571
-0.00002877 1.9479349080949158 -0.0014586956024863
-0.00002954 1.9559709947304491 -0.0014651806035295
-0.00003034 1.9640339078985061 -0.0014716944309232
-0.00003115 1.9721208659555591 -0.0014782372126657
-0.00003200 1.9802337676854456 -0.0014848090773189
-0.00003287 1.9883755226674045 -0.0014914101540109
-0.00003376 1.9965456211699071 -0.0014980405724382
-0.00003468 2.0047416862061302 -0.0015047004628680
-0.00003562 2.0129616007000561 -0.0015113899561406
-0.00003660 2.0212092986165606 -0.0015181091836717
-0.00003760 2.0294859882528016 -0.0015248582774546
-0.00003864 2.0377812116304739 -0.0015316373700631
-0.00003970 2.0461009255340961 -0.0015384465946531
-0.00004080 2.0544541880760572 -0.0015452860849653
-0.00004193 2.0628284534761865 -0.0015521559753277
-0.00004309 2.0712219368812614 -0.0015590564006574
-0.00004429 2.0796432365538600 -0.0015659874964637
-0.00004552 2.0880897296820713 -0.0015729493988497
-0.00004680 2.0965572211685566 -0.0015799422445153
-0.00004811 2.1050481118827222 -0.0015869661707587
-0.00004946 2.1135637112624455 -0.0015940213154800
-0.00005085 2.1221003887133958 -0.0016011078171821
-0.00005228 2.1306585159708789 -0.0016082258149740
-0.00005376 2.1392387970357953 -0.0016153754485725
-0.00005529 2.1478404403847402 -0.0016225568583054
-0.00005686 2.1564642240276592 -0.0016297701851130
-0.00005848 2.1651082037423972 -0.0016370155705508
-0.00006015 2.1737716254016197 -0.0016442931567916
-0.00006187 2.1824548153569410 -0.0016516030866280
-0.00006365 2.1911575078646766 -0.0016589455034747
-0.00006548 2.1998799754620513 -0.0016663205513704
-0.00006737 2.2086217775683039 -0.0016737283749808
-0.00006932 2.2173810910627458 -0.0016811691196001
-0.00007133 2.2261566692239887 -0.0016886429311536
-0.00007341 2.2349494554050122 -0.0016961499562003
-0.00007555 2.2437606712636566 -0.0017036903419345
-0.00007776 2.2525880753648457 -0.0017112642361887
-0.00008004 2.2614302684023757 -0.0017188717874351
-0.00008240 2.2702882082384739 -0.0017265131447875
-0.00008483 2.2791600323469363 -0.0017341884580044
-0.00008734 2.2880458579947902 -0.0017418978774909
-0.00008993 2.2969462440737693 -0.0017496415543011
-0.00009261 2.3058600453718263 -0.0017574196401395
-0.00009537 2.3147860695068707 -0.0017652322873637
-0.00009822 2.3237224382656856 -0.0017730796489858
-0.00010117 2.3326701450692893 -0.0017809618786753
-0.00010421 2.3416296231914351 -0.0017888791307604
-0.00010736 2.3505983469189622 -0.0017968315602305
-0.00011061 2.3595759918643635 -0.0018048193227377
-0.00011397 2.3685624385262343 -0.0018128425745988
-0.00011744 2.3775558516653841 -0.0018209014727976
-0.00012103 2.3865563366350480 -0.0018289961749861
-0.00012474 2.3955643774821538 -0.0018371268394869
-0.00012857 2.4045773727317195 -0.0018452936252946
-0.00013253 2.4135939659542691 -0.0018534966920776
-0.00013663 2.4226155042270268 -0.0018617362001799
-0.00014087 2.4316400497486090 -0.0018700123106227
-0.00014526 2.4406660012067833 -0.0018783251851057
-0.00014979 2.4496941309421505 -0.0018866749860090
-0.00015448 2.4587226019282138 -0.0018950618763942
-0.00015934 2.4677496162142063 -0.0019034860200057
-0.00016436 2.4767752098227493 -0.0019119475812729
-0.00016956 2.4857988974622862 -0.0019204467253104
-0.00017494 2.4948195672790652 -0.0019289836179200
-0.00018051 2.5038354581483788 -0.0019375584255908
-0.00018628 2.5128451896537576 -0.0019461713155011
-0.00019225 2.5218485396653212 -0.0019548224555195
-0.00019844 2.5308441859638022 -0.0019635120142048
-0.00020484 2.5398308970841406 -0.0019722401608077
-0.00021148 2.5488082067751083 -0.0019810070652709
-0.00021836 2.5577739998052085 -0.0019898128982297
-0.00022548 2.5667267558682343 -0.0019986578310126
-0.00023286 2.5756663940060238 -0.0020075420356411
-0.00024051 2.5845910602486639 -0.0020164656848311
-0.00024844 2.5934987218191146 -0.0020254289519914
-0.00025667 2.6023890879451850 -0.0020344320112244
-0.00026519 2.6112608091033493 -0.0020434750373262
-0.00027404 2.6201118872329130 -0.0020525582057855
-0.00028321 2.6289410184331019 -0.0020616816927834
-0.00029272 2.6377465376783400 -0.0020708456751927
-0.00030259 2.6465271565954733 -0.0020800503305767
-0.00031284 2.6552814447484576 -0.0020892958371885
-0.00032347 2.6640075043037412 -0.0020985823739694
-0.00033451 2.6727038081115664 -0.0021079101205472
-0.00034596 2.6813685268301528 -0.0021172792572350
-0.00035786 2.6900000445495529 -0.0021266899650284
-0.00037022 2.6985968253725208 -0.0021361424256041
-0.00038305 2.7071567878476390 -0.0021456368213169
-0.00039638 2.7156780945762584 -0.0021551733351968
-0.00041024 2.7241588446132963 -0.0021647521509464
-0.00042463 2.7325969204731702 -0.0021743734529369
-0.00043960 2.7409905645063675 -0.0021840374262048
-0.00045516 2.7493379411191334 -0.0021937442564474
-0.00047133 2.7576365106626648 -0.0022034941300187
-0.00048816 2.7658839733014453 -0.0022132872339246
-0.00050566 2.7740787213215277 -0.0022231237558171
-0.00052387 2.7822183693299904 -0.0022330038839891
-0.00054281 2.7903002594805497 -0.0022429278073681
-0.00056253 2.7983221528761639 -0.0022528957155094
-0.00058306 2.8062816329718410 -0.0022629077985892
-0.00060443 2.8141764013639881 -0.0022729642473966
-0.00062668 2.8220038669221048 -0.0022830652533254
-0.00064987 2.8297611507600888 -0.0022932110083653
-0.00067402 2.8374456990854031 -0.0023034017050923
-0.00069919 2.8450549983207107 -0.0023136375366586
-0.00072542 2.8525861763081326 -0.0023239186967813
-0.00075276 2.8600361324811217 -0.0023342453797313
-0.00078128 2.8674021017747253 -0.0023446177803200
-0.00081101 2.8746811548299953 -0.0023550360938867
-0.00084204 2.8818700407452997 -0.0023655005162837
-0.00087440 2.8889657742053538 -0.0023760112438615
-0.00090819 2.8959650806409765 -0.0023865684734524
-0.00094345 2.9028645472509615 -0.0023971724023530
-0.00098027 2.9096609445326953 -0.0024078232283059
-0.00101872 2.9163507060925524 -0.0024185211494801
-0.00105890 2.9229303272509313 -0.0024292663644497
-0.00110087 2.9293963828906424 -0.0024400590721720
-0.00114474 2.9357449339838579 -0.0024508994719629
-0.00119061 2.9419720631631607 -0.0024617877634725
-0.00123857 2.9480740795727041 -0.0024727241466576
-0.00128873 2.9540470608020364 -0.0024837088217532
-0.00134122 2.9598868814307298 -0.0024947419892418
-0.00139615 2.9655893474507717 -0.0025058238498208
-0.00145365 2.9711501728253822 -0.0025169546043682
-0.00151386 2.9765649837878998 -0.0025281344539054
-0.00157692 2.9818293720204041 -0.0025393635995582
-0.00164300 2.9869387666464311 -0.0025506422425151
-0.00171224 2.9918884119513529 -0.0025619705839828
-0.00178484 2.9966735707219994 -0.0025733488251391
-0.00186096 3.0012894585527015 -0.0025847771670823
-0.00194081 3.0057309875063281 -0.0025962558107781
-0.00202460 3.0099929087904180 -0.0026077849570022
-0.00211254 3.0140700966135707 -0.0026193648062801
-0.00220488 3.0179572547157321 -0.0026309955588219
-0.00230187 3.0216487813271717 -0.0026426774144540
-0.00240376 3.0251390657584873 -0.0026544105725453
-0.00251086 3.0284224244799347 -0.0026661952319296
-0.00262345 3.0314929739407379 -0.0026780315908221
-0.00274188 3.0343446980601976 -0.0026899198467308
-0.00286647 3.0369714495745690 -0.0027018601963619
-0.00299760 3.0393669502605354 -0.0027138528355188
-0.00313567 3.0415247648971526 -0.0027258979589949
-0.00328109 3.0434383022272367 -0.0027379957604584
-0.00343431 3.0451008744960695 -0.0027501464323303
-0.00359583 3.0465056113779028 -0.0027623501656535
-0.00376614 3.0476454644583728 -0.0027746071499530
-0.00394581 3.0485132593977058 -0.0027869175730872
-0.00413543 3.0491016450324673 -0.0027992816210883
-0.00433562 3.0494031104172272 -0.0028116994779918
-0.00454708 3.0494099840261444 -0.0028241713256553
-0.00477052 3.0491144127357841 -0.0028366973435627
-0.00500673 3.0485083689909764 -0.0028492777086164
-0.00525656 3.0475836661450311 -0.0028619125949140
-0.00552092 3.0463319288371262 -0.0028746021735097
-0.00580076 3.0447445760343679 -0.0028873466121580
-0.00609715 3.0428128656356863 -0.0029001460750398
-0.00641122 3.0405278597201444 -0.0029130007224681
-0.00674418 3.0378804136394715 -0.0029259107105727
-0.00709734 3.0348612022138632 -0.0029388761909615
-0.00747214 3.0314607011656061 -0.0029518973103572
-0.00787009 3.0276691789595396 -0.0029649742102066
-0.00829286 3.0234766756588098 -0.0029781070262615
-0.00874225 3.0188730353058499 -0.0029912958881268
-0.00922018 3.0138479182516886 -0.0030045409187758
-0.00972878 3.0083907393464955 -0.0030178422340275
-0.01027031 3.0024906803201494 -0.0030311999419836
-0.01084725 2.9961367237880165 -0.0030446141424230
-0.01146231 2.9893176335476292 -0.0030580849261474
-0.01211839 2.9820219366940459 -0.0030716123742767
-0.01281867 2.9742379230940341 -0.0030851965574878
-0.01356663 2.9659536521613048 -0.0030988375351926
-0.01436603 2.9571569611305009 -0.0031125353546498
-0.01522100 2.9478354551643924 -0.0031262900500041
-0.01613603 2.9379764857561215 -0.0031401016412476
-0.01711603 2.9275671694801071 -0.0031539701330938
-0.01816638 2.9165943972243258 -0.0031678955137585
-0.01929296 2.9050448119767069 -0.0031818777536386
-0.02050223 2.8929048178774193 -0.0031959168038777
-0.02180126 2.8801605864639659 -0.0032100125948098
-0.02319783 2.8667980518222862 -0.0032241650342677
-0.02470049 2.8528029115262643 -0.0032383740057448
-0.02631864 2.8381606349899924 -0.0032526393663944
-0.02806266 2.8228564676807144 -0.0032669609448524
-0.02994399 2.8068754290144815 -0.0032813385388638
-0.03197525 2.7902023238715672 -0.0032957719126961
-0.03417043 2.7728217509568327 -0.0033102607943155
-0.03654499 2.7547181108344554 -0.0033248048723036
-0.03911608 2.7358756141031435 -0.0033394037924882
-0.04190273 2.7162782927865941 -0.0033540571542569
-0.04492609 2.6959100210511817 -0.0033687645065233
-0.04820972 2.6747545288186485 -0.0033835253433064
-0.05177986 2.6527954180911770 -0.0033983390988846
-0.05566577 2.6300161880499271 -0.0034132051424786
-0.05990019 2.6064002613724391 -0.0034281227724111
-0.06451973 2.5819310117182663 -0.0034430912096886
-0.06956543 2.5565917969735952 -0.0034581095909418
-0.07508335 2.5303659989375369 -0.0034731769606535
-0.08112531 2.5032370658655418 -0.0034882922625964
-0.08774964 2.4751885605419237 -0.0035034543303928
-0.09502211 2.4462042164859490 -0.0035186618770976
-0.10301707 2.4162680015642186 -0.0035339134836963
-0.11181861 2.3853641887136767 -0.0035492075863943
-0.12152206 2.3534774368946323 -0.0035645424625632
-0.13223568 2.3205928825583513 -0.0035799162151898
-0.14408262 2.2866962425521216 -0.0035953267556604
-0.15720325 2.2517739311590512 -0.0036107717846915
-0.17175787 2.2158131913953159 -0.0036262487711974
-0.18792974 2.1788022428787164 -0.0036417549288635
-0.20592882 2.1407304497573341 -0.0036572871901710
-0.22599638 2.1015885100362715 -0.0036728421775899
-0.24840997 2.0613686673495568 -0.0036884161716348
-0.27348917 2.0200649502331429 -0.0037040050754481
-0.30160339 1.9776734422487441 -0.0037196043755491
-0.33318000 1.9341925843122161 -0.0037352090983673
-0.36871424 1.8896235144418825 -0.0037508137621506
-0.40878149 1.8439704492008691 -0.0037664123238319
-0.45405124 1.7972411102542936 -0.0037819981204314
-0.50530388 1.7494472008608932 -0.0037975638045859
-0.56345066 1.7006049370008418 -0.0038131012738310
-0.62955779 1.6507356372607833 -0.0038286015933324
-0.70487387 1.5998663753260440 -0.0038440549118716
-0.79086323 1.5480306987824775 -0.0038594503710659
-0.88924679 1.4952694160072577 -0.0038747760080525
-1.00204698 1.4416314509463826 -0.0038900186522239
-1.13164184 1.3871747635674525 -0.0039051638170895
-1.28083095 1.3319673292566900 -0.0039201955889975
-1.45290844 1.2760881649025759 -0.0039350965153184
-1.65174797 1.2196283826021936 -0.0039498474958083
-1.88189772 1.1626922425252586 -0.0039644276822708
-2.14869005 1.1053981645997584 -0.0039788143933631
-2.45835881 1.0478796442479570 -0.0039929830534356
-2.81815987 0.9902860005286099 -0.0040069071666227
-3.23649755 0.9327828659774565 -0.0040205583399198
-3.72304444 0.8755523072026060 -0.0040339063714745
-4.28882532 0.8187924464034336 -0.0040469194224494
-4.94628163 0.7627164393068955 -0.0040595642920736
-5.70925155 0.7075506591377169 -0.0040718068151938
-6.59285467 0.6535319453997337 -0.0040836123989033
-7.61325744 0.6009038068142808 -0.0040949467087653
-8.78723114 0.5499115261780329 -0.0041057765049514
-10.13154514 0.5007962051127580 -0.0041160706139390
-11.66209374 0.4537879074293481 -0.0041258010027190
-13.39277521 0.4090982023396551 -0.0041349439014030
-15.33421155 0.3669125544176136 -0.0041434808997601
-17.49234136 0.3273831286203099 -0.0041513999277812
-19.86698672 0.2906226438330977 -0.0041586960246066
-22.45063038 0.2566998889323174 -0.0041653718078941
-25.22753410 0.2256373965768446 -0.0041714375785127
-28.17347749 0.1974115593522903 -0.0041769110313552
-31.25619763 0.1719552025062661 -0.0041818165864970
-34.43649287 0.1491623474464112 -0.0041861843978003
-37.67003496 0.1288946650462831 -0.0041900491300701
-40.90986010 0.1109889707096866 -0.0041934486148180
-44.10901038 0.0952650737102945 -0.0041964224963111
-47.22300701 0.0815333547539047 -0.0041990109656823
-50.21232917 0.0696015803794221 -0.0042012536563410
-53.04408307 0.0592806331282833 -0.0042031887449328
-55.69294210 0.0503890070729952 -0.0042048522741968
-58.14168992 0.0427560631362099 -0.0042062776911899
-60.38089916 0.0362241441733446 -0.0042074955783376
-62.40811123 0.0306497137103496 -0.0042085335457103
-64.22681592 0.0259037097970254 -0.0042094162497449
-65.84513092 0.0218713057014615 -0.0042101655047432
-67.27481563 0.0184512517986277 -0.0042108004572443
-68.52983137 0.0155549463622916 -0.0042113377984254
-69.62541511 0.0131053533658523 -0.0042117919950322
-70.57729957 0.0110358569260463 -0.0042121755243347
-71.40099816 0.0092891168057652 -0.0042124991029381
-72.11146076 0.0078159687573791 -0.0042127719027717
-72.72244716 0.0065743971317331 -0.0042130017503095
-73.24680645 0.0055285949935058 -0.0042131953070915
-73.69628518 0.0046481179787284 -0.0042133582310402
-74.08106217 0.0039071320453591 -0.0042134953190274
-74.41023083 0.0032837517148287 -0.0042136106317503
-74.69190248 0.0027594625399806 -0.0042137076023236
-74.93299812 0.0023186201220432 -0.0042137891301526
-75.13952415 0.0019480182853212 -0.0042138576616879
-75.31675872 0.0016365184405554 -0.0042139152596180
-75.46909934 0.0013747322915309 -0.0042139636619557
-75.60040891 0.0011547515693050 -0.0042140043323578
-75.71393282 0.0009699178564681 -0.0042140385028798
-75.81235784 0.0008146270792486 -0.0042140672102328
-75.89810031 0.0006841649660180 -0.0042140913264826
-75.97317496 0.0005745668227189 -0.0042141115850075
-76.03923813 0.0004824982596039 -0.0042141286024237
-76.09767917 0.0004051559635325 -0.0042141428970867
-76.14972554 0.0003401839669040 -0.0042141549046926
-76.19638241 0.0002856029538760 -0.0042141649914246
-76.23857654 0.0002397500031121 -0.0042141734650272
-76.27692857 0.0002012250123440 -0.0042141805841281
-76.31201230 0.0001688519184220 -0.0042141865660861
-76.34445394 0.0001416456652357 -0.0042141915935941
-76.37461206 0.0001187748725378 -0.0042141958202353
-76.40287888 0.0000995410298576 -0.0042141993751587
-76.42959682 0.0000833579186217 -0.0042142023670140
-76.45493670 0.0000697281027866 -0.0042142048872638
-76.47911913 0.0000582335407982 -0.0042142070129742
-76.50234493 0.0000485236670874 -0.0042142088091672
-76.52481867 0.0000403023368705 -0.0042142103308071
-76.54667249 0.0000333161524610 -0.0042142116244802
-76.56790786 0.0000273477201648 -0.0042142127298201
-76.58867350 0.0000222146998572 -0.0042142136807206
-76.60907336 0.0000177602951223 -0.0042142145063749
-76.62914930 0.0000138459944243 -0.0042142152321711
-76.64895528 0.0000103505759035 -0.0042142158804734
-76.66855132 0.0000071660730563 -0.0042142164713104
-76.68797687 0.0000041813622406 -0.0042142170229945
-76.70725074 0.0000013399925983 -0.0042142175526893
