-0.000000 nan
-0.000000 -inf
-0.000000 -inf
-0.000000 -inf
-0.000000 -inf
-0.000000 -inf
-0.000000 -inf
-0.000000 -inf
-0.000000 -inf
-0.000000 -inf
-0.000000 -inf
-0.000000 -inf
-0.000000 -inf
-0.000000 -inf
-0.000000 -inf
-0.000000 -inf
-0.000000 -inf
-0.000000 -inf
-0.000000 -inf
-0.000000 -inf
-0.000000 -inf
-0.000000 -inf
-0.000000 -inf
-0.000000 -inf
-0.000000 -inf
-0.000000 -inf
-0.000000 -inf
-0.000000 -inf
-0.000000 -inf
-0.000000 -inf
-0.000000 -inf
-0.000000 -inf
-0.000000 -inf
-0.000000 -inf
-0.000000 -inf
-0.000000 -inf
-0.000000 -inf
-0.000000 -inf
-0.000000 -inf
-0.000000 -inf
-0.000000 -inf
-0.000000 -inf
-0.000000 -inf
-0.000000 -inf
-0.000000 -inf
-0.000000 -inf
-0.000000 -inf
-0.000000 -inf
-0.000000 -inf
-0.000000 -inf
-0.000000 -inf
-0.000000 -inf
-0.000000 -inf
-0.000000 -inf
-0.000000 -inf
-0.000000 -inf
-0.000000 -inf
-0.000000 -inf
-0.000000 -inf
-0.000000 -inf
-0.000000 -inf
-0.000000 -inf
-0.000000 -inf
-0.000000 -inf
-0.000000 -inf
-0.000000 -inf
-0.000000 -inf
-0.000000 -inf
-0.000000 -inf
-0.000000 -inf
-0.000000 -inf
-0.000000 -inf
-0.000000 -inf
-0.000000 -inf
-0.000000 -inf
-0.000000 -inf
-0.000000 -inf
-0.000000 -inf
-0.000000 -inf
-0.000000 -inf
-0.000000 -inf
-0.000000 -inf
-0.000000 -inf
-0.000000 -inf
-0.000000 -inf
-0.000000 -inf
-0.000000 -inf
-0.000000 -inf
-0.000000 -inf
-0.000000 -inf
-0.000000 -inf
-0.000000 -inf
-0.000000 -inf
-0.000000 -inf
-0.000000 -inf
-0.000000 -inf
-0.000000 -inf
-0.000000 -inf
-0.000000 -inf
-0.000000 -inf
-0.000000 -inf
-0.000000 -inf
-0.000000 -inf
-0.000000 -inf
-0.000000 -inf
-0.000000 -inf
-0.000000 -inf
-0.000000 -inf
-0.000000 -inf
-0.000000 -inf
-0.000000 -inf
-0.000000 -inf
-0.000000 -inf
-0.000000 -inf
-0.000000 -inf
-0.000000 -inf
-0.000000 -inf
-0.000000 -inf
-0.000000 -inf
-0.000000 -inf
-0.000000 -inf
-0.000000 -inf
-0.000000 -inf
-0.000000 -inf
-0.000000 -inf
-0.000000 -inf
-0.000000 -inf
-0.000000 -inf
-0.000000 -inf
-0.000000 -inf
-0.000000 -inf
-0.000000 -inf
-0.000000 -inf
-0.000000 -inf
-0.000000 -inf
-0.000000 -inf
-0.000000 -inf
-0.000000 -inf
-0.000000 -inf
-0.000000 -inf
-0.000000 -inf
-0.000000 -inf
-0.000000 nan
-0.000000 -inf
-0.000000 3375130413653435138201419251712.000000
-0.000000 217920376474332548536654102528.000000
-0.000000 11367527833986637753732825088.000000
-0.000000 646491194442439720439906304.000000
-0.000000 41767003414808191620349952.000000
-0.000000 3212611800589076516569088.000000
-0.000000 312885558093502706876416.000000
-0.000000 37670775537135588999168.000000
-0.000000 5486834640851212173312.000000
-0.000000 948467084739392962560.000000
-0.000000 191292330773207023616.000000
-0.000000 44333124194689818624.000000
-0.000000 11646696051729311744.000000
-0.000000 3426392770464433152.000000
-0.000000 1116613189434538112.000000
-0.000000 399175474553080064.000000
-0.000000 155175010531303392.000000
-0.000000 65082707926258320.000000
-0.000000 29243503758722056.000000
-0.000000 13987940055723626.000000
-0.000000 7081934228708005.000000
-0.000000 3775548378445749.000000
-0.000000 2109657732898383.000000
-0.000000 1230312799128644.250000
-0.000000 745987683289298.875000
-0.000000 468658831501205.250000
-0.000000 304107203386480.125000
-0.000000 203236629906988.593750
-0.000000 139526264393657.453125
-0.000000 98166442491903.578125
-0.000000 70629845637369.328125
-0.000000 51865499774502.343750
-0.000000 38802109652147.328125
-0.000000 29526193020365.320312
-0.000000 22818370513573.199219
-0.000000 17885127155912.152344
-0.000000 11262343985252.558594
-0.000000 6383308440715.909180
-0.000000 5528319433321.600586
-0.000000 4815205631476.392578
-0.000000 4198937446308.301758
-0.000000 3681697161956.007812
-0.000000 3231169156151.003906
-0.000000 2850835011734.174316
-0.000000 2517066633890.090820
-0.000000 2233777872585.437500
-0.000000 1983389570197.683350
-0.000000 1769807059234.368896
-0.000000 1579733471202.896484
-0.000000 1416849602945.853271
-0.000000 1270947438579.319580
-0.000000 1145378736435.663818
-0.000000 1032193067988.152100
-0.000000 934398218515.419067
-0.000000 845716992073.264038
-0.000000 768813471083.989746
-0.000000 698673741295.262695
-0.000000 637645421413.225586
-0.000000 581676010006.337158
-0.000000 210317525231.578979
-0.000000 183243351675.955231
-0.000000 486356621273.466919
-0.000001 172558357340.144196
-0.000001 150251235432.111877
-0.000001 408944903197.317627
-0.000001 142353665380.061584
-0.000001 123858156547.655365
-0.000001 345712152498.982056
-0.000001 118056146133.014297
-0.000001 102626435747.997787
-0.000001 293770224768.302673
-0.000001 98402239884.412140
-0.000001 85454026747.091766
-0.000001 250871616607.463562
-0.000001 82420236647.502823
-0.000001 71493420450.187943
-0.000001 215258092080.437439
-0.000001 69358158492.121918
-0.000001 60087053456.413673
-0.000001 185543921415.178802
-0.000001 58629973540.710022
-0.000001 50722732717.054314
-0.000001 160632017212.425293
-0.000001 49776757002.334068
-0.000001 42998703637.961441
-0.000001 139648443421.067627
-0.000001 42437422118.302666
-0.000001 36599639056.673088
-0.000001 121894769611.404297
-0.000001 36326133332.906265
-0.000001 31275000328.797508
-0.000001 106808595631.849213
-0.000001 31215813345.594631
-0.000001 -42000255041.134148
-0.000001 27546275732.674702
-0.000001 94854999274.104523
-0.000002 27545400659.962627
-0.000002 -37707824025.144646
-0.000002 24299294562.087513
-0.000002 84367793477.249008
-0.000002 24343773208.763321
-0.000002 -33899329770.299973
-0.000002 21467208171.213486
-0.000002 75153016183.550446
-0.000002 21546958602.466591
-0.000002 -30515278919.501114
-0.000002 18993692010.978420
-0.000002 67043653660.686882
-0.000002 19099485045.567089
-0.000002 -27504814273.526409
-0.000002 16829794944.027960
-0.000002 59896691886.360741
-0.000002 16954913507.910980
-0.000002 -24822888934.382908
-0.000002 14934217666.287651
-0.000002 53588683464.598282
-0.000002 15072941252.850185
-0.000002 -22430938476.116764
-0.000002 13270740242.703804
-0.000002 48012871037.709290
-0.000003 13418963041.516981
-0.000003 -20294670884.421841
-0.000003 11809261250.830021
-0.000003 43077414595.915833
-0.000003 11963249595.637871
-0.000003 -18384381911.904034
-0.000003 10523467347.606722
-0.000003 38702584303.214149
-0.000003 10680190206.133606
-0.000003 -16674242177.508331
-0.000003 9390375463.052618
-0.000003 34819298577.537277
-0.000003 9547820918.770941
-0.000003 -15141208807.170727
-0.000003 8390622003.900531
-0.000003 31367436345.719143
-0.000003 8546978726.677593
-0.000003 -13765256433.019766
-0.000004 7507310759.859797
-0.000004 28295046580.016773
-0.000004 7661132288.461781
-0.000004 -12529077210.313393
-0.000004 6725779409.266710
-0.000004 25556843498.861221
-0.000004 6876154679.122100
-0.000004 -11416970250.215607
-0.000004 6033389918.796431
-0.000004 23113150775.625893
-0.000004 6179583428.019224
-0.000004 -10415318984.390858
-0.000004 5419202791.478746
-0.000004 20929504425.358738
-0.000004 5560632013.643785
-0.000004 -9512193007.494631
-0.000005 4873684117.687459
-0.000005 18975783047.729351
-0.000005 5009935217.992968
-0.000005 -8697025742.797722
-0.000005 4388470904.909862
-0.000005 17225528393.449337
-0.000005 4519409267.627272
-0.000005 -7960305797.275027
-0.000005 3956396841.081408
-0.000005 15655568700.219976
-0.000005 4081864221.619127
-0.000005 -7293792401.053660
-0.000005 3571179173.079345
-0.000006 14245626856.509016
-0.000006 3691095366.369692
-0.000006 -6690181776.587157
-0.000006 3227316339.631024
-0.000006 12977920602.578796
-0.000006 3341710076.970487
-0.000006 -6142927203.121373
-0.000006 2919980790.627731
-0.000006 11836708431.466448
-0.000006 3028973645.375185
-0.000006 -5646221109.299923
-0.000006 2644941605.484070
-0.000007 10808131684.826633
-0.000007 2748643534.183217
-0.000007 -5194983883.331583
-0.000007 2398531175.081914
-0.000007 9880016752.583349
-0.000007 2497095682.189555
-0.000007 -4784544680.522212
-0.000007 2177596092.944438
-0.000007 9041647303.084661
-0.000007 2271123560.827021
-0.000007 -4410914880.091509
-0.000008 1979145520.840309
-0.000008 8283417511.693723
-0.000008 2067888656.666432
-0.000008 -4070406055.569729
-0.000008 1800771173.286793
-0.000008 7596943289.251604
-0.000008 1884889647.236625
-0.000008 -3759790618.969436
-0.000008 1640238829.953067
-0.000008 6974746297.450739
-0.000009 1719944908.199347
-0.000009 -3476169851.565619
-0.000009 1495592087.808036
-0.000009 6410191826.351998
-0.000009 1571092078.045624
-0.000009 -3216936656.438649
-0.000009 1365150963.314847
-0.000009 5897404614.040300
-0.000009 1436631992.468817
-0.000010 -2979763874.142931
-0.000010 1247374005.223694
-0.000010 5431143502.429437
-0.000010 1315044519.595437
-0.000010 -2762587558.374906
-0.000010 1140911069.830608
-0.000010 5006742127.646862
-0.000010 1204953127.909879
-0.000010 -2563542564.766284
-0.000011 1044599393.882376
-0.000011 4620070775.621292
-0.000011 1105205945.072478
-0.000011 -2380926657.656077
-0.000011 957353207.818755
-0.000011 4267384344.613491
-0.000011 1014712633.566872
-0.000011 -2213239714.074455
-0.000012 878265719.372000
-0.000012 3945405631.109794
-0.000012 932549220.449851
-0.000012 -2059114910.661634
-0.000012 806485831.973788
-0.000012 3651148232.967134
-0.000012 857855778.087079
-0.000013 -1917357634.780797
-0.000013 -1931831736.781468
-0.000013 766306279.686943
-0.000013 3443288960.245998
-0.000013 813737501.011331
-0.000013 -1797418372.304455
-0.000013 703734627.212703
-0.000013 3186703743.987051
-0.000014 748619272.484380
-0.000014 -1673765287.042443
-0.000014 646890192.558074
-0.000014 2951984298.337535
-0.000014 689368872.780347
-0.000014 -1559925718.342667
-0.000015 -1572296222.260559
-0.000015 615367313.936556
-0.000015 2787215310.362955
-0.000015 654678558.109128
-0.000015 -1464213142.438636
-0.000015 565700627.123528
-0.000015 2582088581.478272
-0.000016 602906798.514344
-0.000016 -1364701535.602666
-0.000016 520522784.622140
-0.000016 2394235230.105268
-0.000016 555745266.430094
-0.000016 -1272987515.746793
-0.000017 -1283568269.833321
-0.000017 495728135.097119
-0.000017 2263238818.520603
-0.000017 528378756.231665
-0.000017 -1196398376.103623
-0.000017 456175968.149391
-0.000018 2098718058.004740
-0.000018 487079208.602390
-0.000018 -1116061716.460125
-0.000018 420171078.812662
-0.000018 1947914520.847506
-0.000018 449429043.975132
-0.000019 -1041949830.683125
-0.000019 -1050996601.390481
-0.000019 400592488.896550
-0.000019 1843435082.074550
-0.000019 427776287.086098
-0.000020 -980477630.049378
-0.000020 369001376.469402
-0.000020 1711080641.867492
-0.000020 394734083.248520
-0.000020 -915423284.457456
-0.000021 -923389981.575355
-0.000021 351839546.312238
-0.000021 1619434033.979990
-0.000021 375746759.021074
-0.000021 -861478205.594312
-0.000022 324123115.069707
-0.000022 1503261457.856598
-0.000022 346748387.309052
-0.000022 -804365357.439545
-0.000022 298847013.012075
-0.000023 1396642797.641920
-0.000023 320278508.075898
-0.000023 -751627502.955082
-0.000023 -758440911.709295
-0.000023 285259988.865859
-0.000024 1323316589.977725
-0.000024 305205068.605968
-0.000024 -708194913.518709
-0.000024 263039175.888407
-0.000024 1229541385.512186
-0.000025 281925148.641587
-0.000025 -661798488.765851
-0.000025 242766306.286462
-0.000025 1143397983.566731
-0.000026 260649436.229065
-0.000026 -618925028.100885
-0.000026 -624754929.161907
-0.000026 231976044.944952
-0.000026 1084561848.540811
-0.000027 248651258.195088
-0.000027 -583854205.517442
-0.000027 214109759.690106
-0.000027 1008633191.145281
-0.000028 229900635.965166
-0.000028 -546057831.203558
-0.000028 197796003.620590
-0.000028 938826294.645959
-0.000029 212753549.853745
-0.000029 -511099276.215680
-0.000029 -516090894.965910
-0.000029 189202996.789361
-0.000030 891480312.470744
-0.000030 203173874.891732
-0.000030 -482705800.180470
-0.000030 174794462.922402
-0.000031 829825212.302164
-0.000031 188031244.647204
-0.000031 -451824189.800470
-0.000031 -456244460.648189
-0.000032 167216726.905587
-0.000032 788032230.137649
-0.000032 179576540.947226
-0.000033 -426752922.180274
-0.000033 154493488.184278
-0.000033 733575400.616130
-0.000033 166204564.327872
-0.000034 -399470148.308437
-0.000034 142863325.290782
-0.000034 683452366.528558
-0.000035 153959617.209459
-0.000035 -374212930.356585
-0.000035 -378002809.597897
-0.000035 136806588.617555
-0.000036 649717076.481454
-0.000036 147188980.200583
-0.000036 -353853411.036510
-0.000037 126517271.529215
-0.000037 605358853.072172
-0.000037 136353160.980089
-0.000038 -331498301.933946
-0.000038 117098139.545585
-0.000038 564492650.491520
-0.000038 126422667.622466
-0.000039 -310783973.575324
-0.000039 -314035443.362482
-0.000039 112247952.986597
-0.000040 537189904.696917
-0.000040 120986201.827802
-0.000040 -294207957.572508
-0.000041 103898935.715369
-0.000041 500952734.803873
-0.000041 112181262.026487
-0.000042 -275836241.841443
-0.000042 -278726584.107769
-0.000042 99603085.153609
-0.000043 476754787.948543
-0.000043 107363646.525516
-0.000043 -261141991.929405
-0.000044 92200628.061347
-0.000044 444618604.905159
-0.000044 99556519.056234
-0.000045 -244846763.356944
-0.000045 85417806.960582
-0.000045 414982072.640675
-0.000046 92394041.307106
-0.000046 -229733889.849841
-0.000047 -232217315.868927
-0.000047 81967472.884050
-0.000047 395341467.941346
-0.000048 88514434.871988
-0.000048 -217736455.949017
-0.000048 75943320.632773
-0.000049 369008875.649417
-0.000049 82150075.255434
-0.000050 -204307514.473354
-0.000050 70419490.007472
-0.000050 344705219.468091
-0.000051 76306639.720480
-0.000051 -191843652.041437
-0.000051 -193978468.922688
-0.000052 67640266.495399
-0.000052 328719351.476456
-0.000053 73173130.900644
-0.000053 -182022857.597559
-0.000053 62724029.721623
-0.000054 307085259.430542
-0.000054 67973003.075237
-0.000055 -170925562.952985
-0.000055 -172830748.118592
-0.000056 60251800.548533
-0.000056 292862054.436350
-0.000056 65186417.229955
-0.000057 -162185109.001539
-0.000057 55876094.295161
-0.000058 273600912.000972
-0.000058 60556373.176256
-0.000059 -152303945.280068
-0.000059 51859792.836933
-0.000059 255805791.964116
-0.000060 56300054.729340
-0.000060 -143125671.351812
-0.000061 -144765936.431146
-0.000061 49863588.238819
-0.000062 244198431.709094
-0.000062 54043539.192986
-0.000063 -135952064.797306
-0.000063 46282355.940221
-0.000064 228327330.015808
-0.000064 50248174.732185
-0.000065 -127764406.562236
-0.000065 -129230379.377922
-0.000065 44503580.948201
-0.000066 217979912.540094
-0.000066 48237539.069426
-0.000067 -121367603.995921
-0.000067 41309614.222683
-0.000068 203822299.590440
-0.000068 44851987.020592
-0.000069 -114063151.452781
-0.000069 38375029.207080
-0.000070 190730513.392615
-0.000070 41737416.291691
-0.000071 -107272117.201474
-0.000071 -108535919.819443
-0.000072 36934767.421313
-0.000072 182262555.301844
-0.000073 40104638.451584
-0.000074 -102007934.150884
-0.000074 34312846.912200
-0.000075 170563284.904286
-0.000075 37321321.582654
-0.000076 -95938732.049174
-0.000076 31901777.353846
-0.000077 159735499.559374
-0.000077 34758918.946477
-0.000078 -90291309.772319
-0.000078 -91383006.561853
-0.000079 30732322.008886
-0.000080 152788701.864360
-0.000080 33429638.978408
-0.000081 -85949411.605194
-0.000081 28574486.021327
-0.000082 143095696.788158
-0.000082 31135360.788877
-0.000083 -80893755.805973
-0.000084 -81872495.835006
-0.000084 27529087.269061
-0.000085 136880644.307019
-0.000085 29946899.911527
-0.000086 -77007448.157464
-0.000087 25597446.885202
-0.000087 128202779.824250
-0.000088 27893138.284490
-0.000088 -72480951.938224
-0.000089 23819812.655123
-0.000090 120164401.463152
-0.000090 26000380.304990
-0.000091 -68265563.160856
-0.000092 -69111880.480678
-0.000092 22968674.789129
-0.000093 115051876.312682
-0.000093 25030039.368066
-0.000094 -65051900.099557
-0.000095 21374522.633017
-0.000095 107842773.790476
-0.000096 23332804.942844
-0.000097 -61271029.356212
-0.000097 -62031382.363847
-0.000098 20612100.840385
-0.000099 103260080.841158
-0.000099 22463258.321143
-0.000100 -58389359.469120
-0.000101 19182759.804742
-0.000102 96794032.686225
-0.000102 20940940.605221
-0.000103 -54997928.750337
-0.000104 17865713.269438
-0.000104 90798631.882222
-0.000105 19536476.801640
-0.000106 -51837324.307591
-0.000106 -52495785.008253
-0.000107 17243453.052617
-0.000108 87019972.877993
-0.000109 18825194.994883
-0.000109 -49448622.393507
-0.000110 16060428.465718
-0.000111 81633637.939423
-0.000112 17563537.535806
-0.000112 -46608667.338965
-0.000113 -47201288.619005
-0.000114 15501922.472790
-0.000115 78240272.685541
-0.000115 16924963.231238
-0.000116 -44462835.503730
-0.000117 14439253.979565
-0.000118 73400341.710836
-0.000119 15791261.692269
-0.000119 -41910864.500664
-0.000120 13459302.972175
-0.000121 68909167.771798
-0.000122 14744530.476235
-0.000123 -39530801.982322
-0.000123 -40044734.962071
-0.000124 13002382.891506
-0.000125 66104057.403096
-0.000126 14220746.740055
-0.000127 -37747661.425347
-0.000128 12120593.157369
-0.000128 62061826.033023
-0.000129 13278622.197398
-0.000130 -35605275.055808
-0.000131 -36068422.858917
-0.000132 11709733.883553
-0.000133 59538210.554481
-0.000134 12807631.088185
-0.000134 -34000694.311091
-0.000135 10916103.142368
-0.000136 55899760.662018
-0.000137 11959756.331152
-0.000138 -32072054.336297
-0.000139 10183664.114916
-0.000140 52520441.263144
-0.000141 11176043.663250
-0.000142 -30272087.709555
-0.000143 -30674406.593394
-0.000143 9846782.871132
-0.000144 50429291.238620
-0.000145 10788760.708975
-0.000146 -28935505.442373
-0.000147 9186554.700174
-0.000148 47382617.396389
-0.000149 10082239.138117
-0.000150 -27312563.597413
-0.000151 -27675791.384897
-0.000152 8883134.792680
-0.000153 45498222.213206
-0.000154 9733421.420188
-0.000155 -26107794.718311
-0.000156 8287787.217715
-0.000157 42751022.018576
-0.000158 9096392.733433
-0.000159 -24644180.171609
-0.000160 -24972170.226247
-0.000161 8014551.982537
-0.000162 41052799.447678
-0.000163 8782186.174623
-0.000164 -23558142.662257
-0.000165 7477775.712018
-0.000166 38575455.886485
-0.000167 8207734.017501
-0.000168 -22238230.682199
-0.000169 6981958.169931
-0.000171 36272626.620245
-0.000172 7676500.539296
-0.000173 -21005219.081170
-0.000174 -21290749.908845
-0.000175 6757202.433519
-0.000176 34861634.880929
-0.000177 7417220.616706
-0.000178 -20098448.605906
-0.000179 6309570.228695
-0.000180 32781820.772359
-0.000182 6937462.885363
-0.000183 -18984693.210030
-0.000184 -19242717.718682
-0.000185 6106881.486307
-0.000186 31507945.705062
-0.000187 6703518.373533
-0.000189 -18165875.991876
-0.000190 5702366.391729
-0.000191 29629282.169599
-0.000192 6270142.785834
-0.000193 -17159840.655633
-0.000195 5328547.523544
-0.000196 27881435.109775
-0.000197 5868871.197830
-0.000198 -16219309.668800
-0.000199 -16444219.997447
-0.000201 5161480.183121
-0.000202 26820693.634873
-0.000203 5675548.133371
-0.000204 -15534047.627898
-0.000206 4823321.279311
-0.000207 25239438.417535
-0.000208 5312522.252055
-0.000209 -14683191.023403
-0.000211 -14886849.594292
-0.000212 4672295.050426
-0.000213 24280286.730548
-0.000215 5137877.387719
-0.000216 -14063277.967932
-0.000217 4366358.023192
-0.000219 22849560.394499
-0.000220 4809427.304715
-0.000221 -13293386.020704
-0.000223 -13477913.880794
-0.000224 4229798.890691
-0.000225 21982133.729584
-0.000227 4651537.281770
-0.000228 -12732662.923198
-0.000230 3953001.990130
-0.000231 20687579.434012
-0.000232 4354353.794516
-0.000234 -12035969.182025
-0.000235 3696811.219674
-0.000237 19482181.362077
-0.000238 4079019.894398
-0.000239 -11384178.264191
-0.000241 -11545219.830123
-0.000242 3584062.075975
-0.000244 18758009.475468
-0.000245 3948146.807987
-0.000247 -10913777.078456
-0.000248 3351964.697654
-0.000250 17665636.466965
-0.000251 3698600.803573
-0.000253 -10323104.849075
-0.000254 -10469264.891425
-0.000256 3249834.044835
-0.000257 17009803.068753
-0.000259 3580180.832034
-0.000260 -9896925.943253
-0.000262 3039563.130967
-0.000264 16019747.430796
-0.000265 3353982.801183
-0.000267 -9361597.206576
-0.000268 2844713.790623
-0.000270 15097187.801025
-0.000272 3144249.877781
-0.000273 -8860376.473509
-0.000275 -8988080.111782
-0.000276 2760230.359519
-0.000278 14548480.607904
-0.000280 3045915.401916
-0.000281 -8502105.817086
-0.000283 2583411.845815
-0.000285 13711060.942423
-0.000286 2855514.601867
-0.000288 -8047159.270871
-0.000290 -8163176.119386
-0.000292 2506801.698588
-0.000293 13213244.842340
-0.000295 2766329.218017
-0.000297 -7722049.024440
-0.000298 2346308.794604
-0.000300 12453101.187264
-0.000302 2593519.123649
-0.000304 -7309047.855317
-0.000306 -7414482.848900
-0.000307 2276820.269729
-0.000309 12001419.234433
-0.000311 2512627.196982
-0.000313 -7014006.849161
-0.000315 2131103.888108
-0.000316 11311326.906615
-0.000318 2355763.111653
-0.000320 -6639007.208892
-0.000322 1996126.513747
-0.000324 10667747.919026
-0.000326 2210123.218445
-0.000328 -6287747.312535
-0.000330 -6380043.672330
-0.000331 1938442.199213
-0.000333 10288984.744721
-0.000335 2142814.649143
-0.000337 -6039130.153824
-0.000339 1815726.378681
-0.000341 9703911.330019
-0.000343 2010449.635094
-0.000345 -5719765.938827
-0.000347 -5803756.644362
-0.000349 1763317.700775
-0.000351 9359685.121900
-0.000353 1949291.915362
-0.000355 -5493800.366336
-0.000357 1651712.142438
-0.000359 8827698.680893
-0.000361 1828924.503380
-0.000363 -5203416.508099
-0.000366 -5279855.868120
-0.000368 1604152.689491
-0.000370 8514910.987463
-0.000372 1773380.486424
-0.000374 -4997991.304094
-0.000376 1502648.900110
-0.000378 8031110.359096
-0.000380 1663920.089170
-0.000383 -4733907.101134
-0.000385 1408519.186768
-0.000387 7579643.252049
-0.000389 1562292.189391
-0.000391 -4486321.667693
-0.000394 -4553384.835243
-0.000396 1368922.504719
-0.000398 7316720.170617
-0.000400 1515932.400285
-0.000403 -4312873.204762
-0.000405 1283257.069494
-0.000407 6905599.355187
-0.000409 1423359.573758
-0.000412 -4087416.128877
-0.000414 -4148519.619787
-0.000416 1247229.407207
-0.000419 6666291.911302
-0.000421 1381191.643859
-0.000424 -3929536.340446
-0.000426 1169174.590677
-0.000428 6291882.861199
-0.000431 1296899.993679
-0.000433 -3724183.378671
-0.000436 -3779892.133832
-0.000438 1136419.154292
-0.000441 6074054.084047
-0.000443 1258511.664262
-0.000445 -3580439.246666
-0.000448 1065358.531434
-0.000450 5733069.407305
-0.000453 1181736.583715
-0.000456 -3393426.649141
-0.000458 -3444185.026276
-0.000461 1035551.112540
-0.000463 5534766.568590
-0.000466 1146805.744267
-0.000468 -3262545.819401
-0.000471 970789.135439
-0.000474 5224175.941491
-0.000476 1076893.576271
-0.000479 -3092196.940545
-0.000482 910684.047523
-0.000484 4934055.450035
-0.000487 1011862.419175
-0.000490 -2932394.286496
-0.000492 -2976980.403905
-0.000495 885843.341221
-0.000498 4767023.956075
-0.000501 982670.349158
-0.000503 -2821615.123744
-0.000506 831033.921089
-0.000509 4502402.667030
-0.000512 923352.161876
-0.000514 -2675861.131342
-0.000517 -2716550.991728
-0.000520 808394.823074
-0.000523 4350140.868718
-0.000526 896762.337904
-0.000529 -2574855.357550
-0.000532 758381.947637
-0.000535 4108760.232523
-0.000538 842658.125183
-0.000540 -2441893.086112
-0.000543 -2479034.893517
-0.000546 737744.041671
-0.000549 3969909.782872
-0.000552 818420.772402
-0.000555 -2349772.084044
-0.000558 692122.422847
-0.000562 3749718.682528
-0.000565 769066.543239
-0.000568 -2228474.671545
-0.000571 649758.882347
-0.000574 3543902.729295
-0.000577 723137.108141
-0.000580 -2114631.642627
-0.000583 -2147295.683449
-0.000586 632520.635371
-0.000590 3426706.938363
-0.000593 702833.745105
-0.000596 -2036504.432690
-0.000599 593802.176757
-0.000603 3238690.036333
-0.000606 660893.850237
-0.000609 -1932482.706201
-0.000612 -1962353.914126
-0.000616 578063.952336
-0.000619 3131668.579884
-0.000622 642359.050070
-0.000626 -1861128.144587
-0.000629 542709.753438
-0.000632 2959906.927242
-0.000636 604028.730673
-0.000639 -1766119.201306
-0.000643 -1793425.911381
-0.000646 528344.850276
-0.000650 2862189.218602
-0.000653 587103.534652
-0.000657 -1700960.371814
-0.000660 496029.603146
-0.000664 2705261.219686
-0.000667 552096.183224
-0.000671 -1614135.922113
-0.000674 -1639096.222340
-0.000678 482924.719710
-0.000682 2616015.930955
-0.000685 536642.383026
-0.000689 -1554620.679070
-0.000693 453409.910503
-0.000696 2472646.040814
-0.000700 504647.083597
-0.000704 -1475311.382691
-0.000707 425957.299152
-0.000711 2338532.039920
-0.000715 474864.494600
-0.000719 -1400799.790142
-0.000723 -1422780.571234
-0.000726 414984.823829
-0.000730 2263031.447434
-0.000734 461896.034558
-0.000738 -1350211.421313
-0.000742 389869.305016
-0.000746 2140323.567254
-0.000750 434641.654685
-0.000754 -1282043.385715
-0.000758 -1302168.325538
-0.000762 379842.332269
-0.000766 2071284.017860
-0.000770 422778.676301
-0.000774 -1235785.078985
-0.000778 356859.801070
-0.000782 1959015.479384
-0.000786 397845.970470
-0.000790 -1173409.675601
-0.000794 -1191833.273260
-0.000799 347690.328298
-0.000803 1895871.111736
-0.000807 387005.196941
-0.000811 -1131092.544297
-0.000815 326664.045966
-0.000820 1793147.477570
-0.000824 364186.656408
-0.000828 -1074020.462803
-0.000833 -1090886.335976
-0.000837 318279.866981
-0.000841 1735387.175109
-0.000846 354269.646172
-0.000850 -1035310.641005
-0.000855 299037.373876
-0.000859 1641391.020789
-0.000864 333396.170211
-0.000868 -983085.830630
-0.000873 281131.497866
-0.000877 1553392.474108
-0.000882 313936.398857
-0.000886 -933997.180996
-0.000891 -948880.331734
-0.000896 274100.860167
-0.000900 1504435.576877
-0.000905 305598.321047
-0.000910 -901032.119599
-0.000914 257691.297843
-0.000919 1423801.967287
-0.000924 287767.583292
-0.000929 -856050.519798
-0.000933 -869695.137425
-0.000938 251258.033314
-0.000943 1378962.445610
-0.000948 280128.305899
-0.000953 -825856.991028
-0.000958 236221.305424
-0.000963 1305080.439371
-0.000968 263792.835128
-0.000973 -784640.266710
-0.000978 -797146.913996
-0.000983 230331.756028
-0.000988 1264005.750116
-0.000993 256794.107970
-0.000998 -756979.125532
-0.001003 216553.297859
-0.001008 1196307.764552
-0.001013 241826.172233
-0.001018 -719211.674968
-0.001024 -730678.137757
-0.001029 211152.666884
-0.001034 1158679.131090
-0.001039 235421.287080
-0.001045 -693866.463468
-0.001050 198527.202165
-0.001055 1096636.043747
-0.001061 221698.558160
-0.001066 -659257.513895
-0.001072 186771.995790
-0.001077 1038517.312629
-0.001083 208902.803241
-0.001088 -626706.052569
-0.001094 -636835.718270
-0.001099 182235.685330
-0.001105 1006555.968343
-0.001110 203502.739652
-0.001116 -605080.803344
-0.001122 171445.199952
-0.001127 953224.965246
-0.001133 191760.877253
-0.001139 -575210.313707
-0.001145 -584509.106353
-0.001150 167284.670027
-0.001156 923908.839799
-0.001162 186811.881491
-0.001168 -555372.524908
-0.001174 157383.369221
-0.001180 874970.164973
-0.001186 176034.488068
-0.001192 -527962.483021
-0.001198 -536498.371950
-0.001204 153570.697616
-0.001210 848078.369999
-0.001216 171493.462073
-0.001222 -509764.335569
-0.001228 144483.492671
-0.001234 803169.898918
-0.001241 161604.691652
-0.001247 -484612.772683
-0.001253 -492449.711636
-0.001259 140984.260574
-0.001266 778498.140176
-0.001272 157439.700973
-0.001278 -467913.111722
-0.001285 132644.601150
-0.001291 737283.115151
-0.001298 148364.357494
-0.001304 -444830.788690
-0.001311 -452025.820775
-0.001317 129437.435055
-0.001324 714651.555164
-0.001330 144542.366176
-0.001337 -429513.056497
-0.001344 121782.342358
-0.001350 676828.826779
-0.001357 136215.339659
-0.001364 -408329.308903
-0.001371 114649.591456
-0.001378 641368.172965
-0.001384 128440.012843
-0.001391 -388390.145305
-0.001398 -394757.052728
-0.001405 111946.172325
-0.001412 622100.884086
-0.001419 125211.027265
-0.001426 -375292.889071
-0.001433 105393.113614
-0.001440 589517.214619
-0.001448 118067.296895
-0.001455 -356970.716225
-0.001462 -362821.895533
-0.001469 102910.213557
-0.001476 571818.342444
-0.001484 115102.093211
-0.001491 -344939.838003
-0.001498 96885.247581
-0.001506 541875.790071
-0.001513 108538.720017
-0.001521 -328101.118409
-0.001528 -333480.408281
-0.001536 94606.530483
-0.001543 525618.088236
-0.001551 105817.143943
-0.001558 -317046.349101
-0.001566 89068.295872
-0.001574 498097.760758
-0.001582 99780.823340
-0.001589 -301575.154215
-0.001597 -306519.258594
-0.001605 86976.265246
-0.001613 483162.412460
-0.001621 97280.176580
-0.001629 -291418.400675
-0.001637 81887.193051
-0.001645 457872.972044
-0.001653 91734.300406
-0.001661 -277200.055096
-0.001669 -281744.791842
-0.001677 79964.640700
-0.001685 444150.019596
-0.001694 89438.128947
-0.001702 -267866.390143
-0.001710 75285.612584
-0.001718 420905.989132
-0.001727 84339.937607
-0.001735 -254799.578048
-0.001744 70924.029796
-0.001752 399099.379417
-0.001761 79576.594861
-0.001769 -242493.312273
-0.001778 -246520.345050
-0.001787 69300.648678
-0.001795 387395.031133
-0.001804 77633.600657
-0.001813 -234498.044484
-0.001822 65286.668094
-0.001830 367330.730048
-0.001839 73252.417510
-0.001848 -223173.831061
-0.001857 -226881.010751
-0.001866 63794.164377
-0.001875 356563.190701
-0.001884 71463.335045
-0.001893 -215819.046356
-0.001902 60099.315663
-0.001912 338098.059263
-0.001921 67430.300217
-0.001930 -205399.415023
-0.001939 -208810.399546
-0.001949 58727.612633
-0.001958 328193.390361
-0.001968 65785.808607
-0.001977 -198631.522319
-0.001987 55326.512132
-0.001996 311200.316912
-0.002006 62073.913739
-0.002015 -189043.132433
-0.002025 -192182.685677
-0.002035 54063.651637
-0.002045 302087.428641
-0.002054 60562.321590
-0.002064 -182815.910971
-0.002074 50932.816849
-0.002084 286448.229777
-0.002094 57145.756665
-0.002104 -173991.539927
-0.002114 -176881.888889
-0.002124 49772.372778
-0.002135 278063.942027
-0.002145 55753.982053
-0.002155 -168262.417481
-0.002165 46890.908381
-0.002176 263671.533402
-0.002186 52609.582454
-0.002197 -160142.597344
-0.002207 -162802.719151
-0.002218 45822.943243
-0.002228 255956.448643
-0.002239 51328.841224
-0.002249 -154870.003517
-0.002260 43171.216547
-0.002271 242710.328523
-0.002282 48434.416094
-0.002293 -147397.345977
-0.002303 40695.313264
-0.002314 230273.802833
-0.002325 45729.244328
-0.002337 -140353.993008
-0.002348 -142714.186761
-0.002359 39792.672205
-0.002370 223680.884446
-0.002381 44643.307183
-0.002392 -135829.281836
-0.002404 37511.278773
-0.002415 212221.934229
-0.002427 42149.947939
-0.002438 -129340.454305
-0.002450 -131515.281429
-0.002461 36679.816421
-0.002473 206148.778272
-0.002485 41150.034688
-0.002496 -125171.566187
-0.002508 34577.289744
-0.002520 195589.162741
-0.002532 38852.338285
-0.002544 -119192.251085
-0.002556 -121196.407693
-0.002568 33811.071528
-0.002580 189993.420367
-0.002592 37931.211648
-0.002604 -115350.905689
-0.002617 31873.605919
-0.002629 180262.755826
-0.002641 35813.054824
-0.002654 -109842.144070
-0.002666 -111688.441198
-0.002679 31168.243799
-0.002691 175107.928162
-0.002704 34964.925430
-0.002717 -106303.132747
-0.002729 29381.028077
-0.002742 166140.029164
-0.002755 33013.233810
-0.002768 -101225.815699
-0.002781 -102927.716605
-0.002794 28731.689432
-0.002807 161390.016644
-0.002820 32230.900083
-0.002833 -97965.002491
-0.002847 27085.824570
-0.002860 153126.540323
-0.002873 30432.201383
-0.002887 -93286.836383
-0.002900 -94854.967205
-0.002914 26486.657312
-0.002927 148749.388762
-0.002941 29711.549698
-0.002955 -90282.184674
-0.002968 24969.454054
-0.002982 141133.915400
-0.002996 28053.705717
-0.003010 -85971.518033
-0.003024 23551.846049
-0.003038 133978.913063
-0.003052 26502.891703
-0.003066 -81905.786805
-0.003081 -83299.267751
-0.003095 23044.568816
-0.003109 130231.498869
-0.003124 25890.746841
-0.003138 -79322.526932
-0.003153 21736.958475
-0.003168 123630.589896
-0.003182 24459.759827
-0.003197 -75571.876816
-0.003212 -76857.485133
-0.003227 21268.782245
-0.003242 120173.310701
-0.003257 23895.057284
-0.003272 -73188.369551
-0.003287 20062.216797
-0.003302 114082.549357
-0.003317 22574.401514
-0.003333 -69728.406204
-0.003348 -70914.625053
-0.003363 19630.537936
-0.003379 110894.067252
-0.003395 22053.900263
-0.003410 -67529.571531
-0.003426 18516.722752
-0.003442 105273.560539
-0.003458 20834.764122
-0.003473 -64337.218448
-0.003489 -65431.255703
-0.003506 18118.746634
-0.003522 102331.498937
-0.003538 20354.442997
-0.003554 -62308.375526
-0.003570 17090.629757
-0.003587 97145.432210
-0.003603 19229.775221
-0.003620 -59362.783524
-0.003636 -60372.326871
-0.003653 16723.328356
-0.003670 94430.887859
-0.003687 18786.490257
-0.003704 -57491.005333
-0.003721 15774.505565
-0.003738 89645.470536
-0.003755 17748.463036
-0.003772 -54773.282050
-0.003789 -55704.618872
-0.003807 15435.880679
-0.003824 87141.089884
-0.003841 17339.438639
-0.003859 -53046.372480
-0.003877 14560.040259
-0.003894 82725.195532
-0.003912 16381.385781
-0.003930 -50538.938650
-0.003948 -51397.871709
-0.003966 14247.828182
-0.003984 80414.402251
-0.004002 16004.051489
-0.004020 -48945.330417
-0.004039 13439.276145
-0.004057 76339.509152
-0.004076 15119.877498
-0.004094 -46631.725895
-0.004113 12683.936568
-0.004132 72508.831629
-0.004150 14292.043130
-0.004169 -44448.832842
-0.004188 -45212.993523
-0.004207 12418.934669
-0.004226 70526.966471
-0.004245 13970.943052
-0.004265 -43076.307416
-0.004284 11720.712056
-0.004304 66988.040537
-0.004323 13206.232573
-0.004343 -41059.670906
-0.004362 -41765.548252
-0.004382 11475.751385
-0.004402 65157.228678
-0.004422 12909.685964
-0.004442 -39791.902999
-0.004462 10830.762836
-0.004482 61888.061202
-0.004502 12203.052225
-0.004523 -37929.264922
-0.004543 -38581.106713
-0.004564 10604.623202
-0.004584 60196.784353
-0.004605 11929.093398
-0.004626 -36757.909108
-0.004647 10008.553994
-0.004668 57176.483552
-0.004689 11276.191271
-0.004710 -35037.376736
-0.004731 -35639.434809
-0.004752 9799.433555
-0.004774 55613.820219
-0.004795 11023.147399
-0.004817 -33954.997959
-0.004838 9248.640674
-0.004860 52823.302900
-0.004882 10419.688217
-0.004904 -32365.762735
-0.004926 -32921.834729
-0.004948 9055.696763
-0.004970 51380.121422
-0.004993 10185.911539
-0.005015 -31366.082115
-0.005038 8546.678734
-0.005060 48802.010637
-0.005083 9628.426471
-0.005106 -29897.767865
-0.005128 -30411.316737
-0.005151 8368.211802
-0.005175 47468.305971
-0.005198 9412.427054
-0.005221 -28974.110429
-0.005244 7897.896903
-0.005268 45086.509817
-0.005291 8897.180421
-0.005315 -27617.952181
-0.005339 -28092.225329
-0.005363 7733.103028
-0.005387 43854.494240
-0.005411 8697.636701
-0.005435 -26764.653459
-0.005459 7298.280905
-0.005483 41653.763115
-0.005508 8221.589523
-0.005532 -25511.594571
-0.005557 -25949.709461
-0.005582 7146.009565
-0.005607 40515.406018
-0.005632 8037.170245
-0.005657 -24723.231563
-0.005682 6744.492067
-0.005707 38482.318326
-0.005733 7597.172958
-0.005758 -23565.962405
-0.005784 -23970.495393
-0.005810 6603.700754
-0.005835 37430.496219
-0.005861 7426.781209
-0.005887 -22837.446244
-0.005914 6232.552668
-0.005940 35552.000076
-0.005966 7020.219480
-0.005993 -21768.264817
-0.006019 5885.238132
-0.006046 33784.760179
-0.006073 6639.209181
-0.006100 -20758.838960
-0.006127 -21119.063256
-0.006154 5765.695403
-0.006181 32881.089331
-0.006209 6493.951836
-0.006236 -20130.439527
-0.006264 5444.451770
-0.006292 31246.760070
-0.006319 6141.669137
-0.006347 -19196.913784
-0.006375 -19529.937873
-0.006404 5333.850020
-0.006432 30410.913884
-0.006460 6007.405547
-0.006489 -18615.566488
-0.006518 5036.649793
-0.006546 28899.228388
-0.006575 5681.432457
-0.006604 -17752.336181
-0.006633 -18060.291797
-0.006663 4934.260942
-0.006692 28126.061040
-0.006721 5557.206786
-0.006751 -17214.605453
-0.006781 4659.321330
-0.006811 26727.767394
-0.006841 5255.584824
-0.006871 -16416.253159
-0.006901 -16700.891555
-0.006931 4564.709792
-0.006962 26012.562681
-0.006992 5140.567516
-0.007023 -15918.923950
-0.007054 4310.270804
-0.007085 24719.218533
-0.007116 4861.616340
-0.007147 -15180.553004
-0.007179 -15443.678245
-0.007210 4222.760705
-0.007242 24057.666961
-0.007274 4755.230233
-0.007306 -14720.493291
-0.007338 3987.393775
-0.007370 22861.380867
-0.007402 4497.113572
-0.007435 -14037.712474
-0.007467 -14280.944391
-0.007500 3906.334352
-0.007533 22249.407347
-0.007566 4398.748991
-0.007599 -13612.139274
-0.007632 3688.586376
-0.007665 21142.860606
-0.007699 4159.897961
-0.007733 -12980.700681
-0.007766 -13205.480663
-0.007800 3613.702648
-0.007834 20576.806050
-0.007869 4068.901458
-0.007903 -12587.039646
-0.007938 3412.152110
-0.007972 19553.251666
-0.008007 3847.921093
-0.008042 -12003.128893
-0.008077 -12210.886865
-0.008112 3342.865385
-0.008148 19029.626751
-0.008183 3763.790071
-0.008219 -11638.939607
-0.008255 3156.294916
-0.008291 18082.821265
-0.008327 3559.365685
-0.008363 -11098.863032
-0.008399 -11290.953038
-0.008436 3092.223470
-0.008473 17598.394955
-0.008510 3481.470141
-0.008547 -10761.984588
-0.008584 2919.685374
-0.008621 16722.652635
-0.008659 3292.288710
-0.008696 -10262.610768
-0.008734 -10440.141653
-0.008772 2860.397787
-0.008810 16274.555206
-0.008848 3220.231567
-0.008887 -9950.975586
-0.008925 2700.755869
-0.008964 15464.555032
-0.009003 3045.226161
-0.009042 -9489.168528
-0.009081 2551.329896
-0.009121 14702.236262
-0.009160 2881.238211
-0.009200 -9052.867602
-0.009240 -9211.167142
-0.009280 2500.818796
-0.009320 14316.510326
-0.009360 2819.659604
-0.009401 -8783.620799
-0.009442 2362.478521
-0.009482 13610.691989
-0.009523 2667.771289
-0.009565 -8379.766303
-0.009606 -8526.186040
-0.009648 2315.692316
-0.009689 13253.492722
-0.009731 2610.793355
-0.009773 -8130.394452
-0.009815 2187.499433
-0.009858 12599.901615
-0.009900 2470.102453
-0.009943 -7756.522405
-0.009986 -7892.046040
-0.010029 2144.168425
-0.010072 12269.160007
-0.010116 2417.329948
-0.010159 -7525.622374
-0.010203 2025.456711
-0.010247 11663.969613
-0.010291 2287.020550
-0.010336 -7179.494875
-0.010380 -7304.865575
-0.010425 1985.321869
-0.010470 11357.632153
-0.010515 2238.124837
-0.010560 -6965.675440
-0.010605 1875.371727
-0.010651 10797.283580
-0.010697 2117.434875
-0.010743 -6645.260307
-0.010789 -6761.252962
-0.010835 1838.181356
-0.010882 10513.570791
-0.010929 2072.153787
-0.010976 -6447.211093
-0.011023 1736.365648
-0.011070 9994.724440
-0.011117 1960.368888
-0.011165 -6150.603349
-0.011213 -6257.896112
-0.011261 1701.912878
-0.011309 9731.965400
-0.011358 1918.401295
-0.011407 -5967.263177
-0.011456 1607.578950
-0.011505 9251.613447
-0.011554 1814.900904
-0.011603 -5692.682766
-0.011653 -5791.917648
-0.011703 1575.683662
-0.011753 9008.240525
-0.011803 1776.025661
-0.011854 -5522.860631
-0.011905 1488.333050
-0.011956 8563.477857
-0.012007 1680.144046
-0.012058 -5268.710097
-0.012110 -5360.487023
-0.012161 1458.794836
-0.012213 8338.101866
-0.012266 1644.143204
-0.012318 -5111.445328
-0.012371 1377.840302
-0.012423 7926.269399
-0.012476 1555.349349
-0.012530 -4876.153654
-0.012583 -4961.042641
-0.012637 1350.473360
-0.012691 7717.513291
-0.012745 1521.990088
-0.012799 -4730.520088
-0.012854 1275.521465
-0.012909 7336.235617
-0.012964 1439.764680
-0.013019 -4512.730876
-0.013075 -4591.266725
-0.013130 1250.146297
-0.013186 7142.919125
-0.013242 1408.888763
-0.013299 -4377.860652
-0.013355 1180.717244
-0.013412 6789.876526
-0.013469 1332.697700
-0.013527 -4176.300411
-0.013584 -4248.921568
-0.013642 1157.250782
-0.013700 6610.864371
-0.013758 1304.094277
-0.013817 -4051.386220
-0.013876 1092.929206
-0.013935 6283.989413
-0.013994 1233.538113
-0.014054 -3864.806892
-0.014113 -3931.966540
-0.014173 1071.174454
-0.014233 6118.192353
-0.014294 1207.048707
-0.014355 -3749.138694
-0.014416 1011.612529
-0.014477 5815.571403
-0.014538 1141.705283
-0.014600 -3576.437857
-0.014662 -3638.552439
-0.014724 991.457515
-0.014787 5662.009601
-0.014849 1117.147635
-0.014912 -3469.327746
-0.014976 936.287835
-0.015039 5381.834494
-0.015103 1056.642279
-0.015167 -3309.477645
-0.015231 884.627415
-0.015296 5118.043322
-0.015361 999.913002
-0.015426 -3158.421908
-0.015491 -3213.841201
-0.015557 867.438896
-0.015623 4985.685574
-0.015689 978.909128
-0.015755 -3065.743145
-0.015822 819.543818
-0.015889 4741.209672
-0.015956 926.311371
-0.016023 -2925.792048
-0.016091 -2977.090705
-0.016159 803.612848
-0.016227 4618.521804
-0.016296 906.842767
-0.016365 -2839.884154
-0.016434 759.203003
-0.016503 4391.953626
-0.016573 858.085492
-0.016643 -2710.216825
-0.016713 -2757.703261
-0.016784 744.429739
-0.016855 4278.206721
-0.016926 840.035801
-0.016997 -2630.560150
-0.017069 703.272363
-0.017141 4068.243176
-0.017213 794.825227
-0.017286 -2510.447557
-0.017359 -2554.404841
-0.017432 689.551731
-0.017505 3962.795450
-0.017579 778.093512
-0.017653 -2436.616849
-0.017728 651.403915
-0.017802 3768.233588
-0.017877 736.183308
-0.017952 -2325.333038
-0.018028 -2366.013391
-0.018104 638.679845
-0.018180 3670.464413
-0.018256 720.663311
-0.018333 -2256.896449
-0.018410 603.309778
-0.018488 3490.160749
-0.018566 681.804205
-0.018644 -2153.797886
-0.018722 -2191.431708
-0.018801 591.526088
-0.018880 3399.529728
-0.018959 667.414371
-0.019039 -2090.366090
-0.019119 558.725378
-0.019199 3232.457549
-0.019280 631.409326
-0.019361 -1994.847519
-0.019442 -2029.687129
-0.019523 547.791566
-0.019605 3148.442385
-0.019688 618.064628
-0.019770 -1936.059695
-0.019853 517.377201
-0.019936 2993.621946
-0.020020 584.689011
-0.020104 -1847.573529
-0.020188 -1879.811385
-0.020273 507.253842
-0.020358 2915.738986
-0.020443 572.308744
-0.020529 -1793.078246
-0.020615 479.052243
-0.020701 2772.273764
-0.020788 541.365970
-0.020875 -1711.115018
-0.020963 -1740.940543
-0.021050 469.664397
-0.021139 2700.074445
-0.021227 529.886438
-0.021316 -1660.599895
-0.021405 443.534079
-0.021495 2567.153133
-0.021585 501.199955
-0.021675 -1584.680087
-0.021766 -1612.265668
-0.021857 434.812764
-0.021948 2500.209801
-0.022040 490.562790
-0.022132 -1537.856395
-0.022225 410.600592
-0.022318 2377.072536
-0.022411 463.983069
-0.022504 -1467.540488
-0.022599 -1493.073364
-0.022693 402.502912
-0.022788 2315.018426
-0.022883 454.121012
-0.022979 -1424.140540
-0.023075 380.045597
-0.023171 2200.904774
-0.023268 429.477421
-0.023365 -1359.003915
-0.023462 -1382.628309
-0.023560 372.552819
-0.023659 2143.392586
-0.023758 420.326360
-0.023857 -1318.779370
-0.023956 351.746709
-0.024056 2037.665994
-0.024157 397.482838
-0.024257 -1258.454120
-0.024359 -1280.304556
-0.024460 344.786678
-0.024562 1984.355073
-0.024665 389.009212
-0.024767 -1221.172502
-0.024871 325.498698
-0.024974 1886.413494
-0.025079 367.839460
-0.025183 -1165.310565
-0.025288 -1185.523882
-0.025393 319.050687
-0.025499 1836.996650
-0.025606 359.971368
-0.025712 -1130.758408
-0.025819 301.170324
-0.025927 1746.256281
-0.026035 340.350292
-0.026143 -1079.021684
-0.026252 -1097.709840
-0.026362 295.190106
-0.026471 1700.441179
-0.026582 333.055393
-0.026692 -1046.989922
-0.026803 278.630458
-0.026915 1616.396930
-0.027027 314.867627
-0.027140 -999.090012
-0.027252 -1016.364575
-0.027366 273.076538
-0.027480 1573.930889
-0.027594 308.108556
-0.027709 -969.413161
-0.027824 257.717595
-0.027940 1496.078030
-0.028056 291.269442
-0.028173 -925.037521
-0.028290 -941.026647
-0.028408 252.566390
-0.028526 1456.711561
-0.028644 284.994115
-0.028764 -897.535232
-0.028883 238.343242
-0.029003 1384.599006
-0.029124 269.382780
-0.029245 -856.459641
-0.029366 -871.237502
-0.029488 233.570737
-0.029611 1348.115850
-0.029734 263.568829
-0.029858 -830.968401
-0.029982 220.371491
-0.030106 1281.305621
-0.030231 249.094311
-0.030357 -792.930290
-0.030483 -806.587971
-0.030610 215.961124
-0.030737 1247.502072
-0.030865 243.702904
-0.030993 -769.315878
-0.031122 203.731780
-0.031251 1185.631577
-0.031381 230.302623
-0.031511 -734.091969
-0.031642 -746.726265
-0.031773 199.625295
-0.031905 1154.289912
-0.032037 225.301504
-0.032170 -712.206716
-0.032304 188.307471
-0.032438 1096.994655
-0.032573 212.879348
-0.032708 -679.607250
-0.032844 -691.284665
-0.032980 184.496481
-0.033117 1067.952050
-0.033254 208.252536
-0.033392 -659.321671
-0.033531 173.998061
-0.033670 1014.879631
-0.033810 196.739028
-0.033950 -629.140527
-0.034091 164.168866
-0.034232 964.907420
-0.034374 185.940183
-0.034517 -600.614837
-0.034660 -611.022695
-0.034803 160.927599
-0.034948 939.857063
-0.035093 181.976959
-0.035238 -583.049888
-0.035384 151.809353
-0.035531 893.533710
-0.035678 171.968693
-0.035826 -556.613941
-0.035974 -566.249941
-0.036123 148.792622
-0.036273 870.290516
-0.036423 168.284076
-0.036574 -540.327748
-0.036725 140.342079
-0.036878 827.353602
-0.037030 159.000840
-0.037184 -515.835298
-0.037337 -524.744119
-0.037492 137.542969
-0.037647 805.792159
-0.037803 155.589326
-0.037959 -500.721398
-0.038117 129.699841
-0.038274 765.985929
-0.038433 146.975061
-0.038592 -478.027643
-0.038751 -486.267066
-0.038911 127.109220
-0.039072 745.990740
-0.039234 143.805257
-0.039396 -464.017436
-0.039559 119.835960
-0.039723 709.103350
-0.039887 135.825363
-0.040052 -442.988950
-0.040217 -450.611267
-0.040384 117.426081
-0.040551 690.550793
-0.040718 132.882079
-0.040887 -429.996118
-0.041055 110.682715
-0.041225 656.364500
-0.041396 125.483422
-0.041567 -410.513966
-0.041738 -417.564149
-0.041911 108.446388
-0.042084 639.159262
-0.042258 122.756837
-0.042432 -398.464708
-0.042607 102.190266
-0.042783 607.473730
-0.042960 115.893693
-0.043137 -380.415749
-0.043316 -386.936040
-0.043494 100.119383
-0.043674 591.516678
-0.043854 113.360392
-0.044035 -369.244505
-0.044217 94.317307
-0.044400 562.153311
-0.044583 107.000237
-0.044767 -352.523795
-0.044952 -358.555096
-0.045137 92.396088
-0.045323 547.356291
-0.045511 104.648827
-0.045698 -342.165097
-0.045887 87.018612
-0.046076 520.148748
-0.046266 98.754333
-0.046457 -326.677793
-0.046649 -332.254990
-0.046841 85.231552
-0.047034 506.423806
-0.047229 96.574483
-0.047423 -317.073038
-0.047619 80.247028
-0.047815 481.214416
-0.048013 91.107732
-0.048211 -302.726592
-0.048409 -307.881402
-0.048609 78.592899
-0.048809 468.486163
-0.049011 89.082026
-0.049213 -293.824691
-0.049416 73.969857
-0.049619 445.128681
-0.049824 84.016365
-0.050029 -280.537450
-0.050236 -285.302855
-0.050443 72.433080
-0.050651 433.326637
-0.050859 82.141206
-0.051069 -272.280376
-0.051280 68.149027
-0.051491 411.685811
-0.051703 77.442612
-0.051916 -259.978463
-0.052130 -264.382115
-0.052345 66.726072
-0.052561 400.746192
-0.052778 75.704626
-0.052995 -252.323050
-0.053213 62.751748
-0.053433 380.695022
-0.053653 71.349064
-0.053874 -240.930725
-0.054096 -245.000684
-0.054319 61.432036
-0.054543 370.552212
-0.054767 69.737443
-0.054993 -233.833630
-0.055220 57.748553
-0.055447 351.978347
-0.055676 65.700984
-0.055905 -223.284419
-0.056135 -227.045413
-0.056367 56.524775
-0.056599 342.573640
-0.056832 64.203406
-0.057066 -216.707552
-0.057301 53.112083
-0.057537 325.370870
-0.057774 60.464290
-0.058012 -206.938637
-0.058251 -210.412771
-0.058491 51.975181
-0.058732 316.650097
-0.058974 59.077502
-0.059217 -200.840263
-0.059461 48.812015
-0.059706 300.716518
-0.059952 55.612056
-0.060199 -191.796714
-0.060447 -195.007166
-0.060696 47.757782
-0.060946 292.633961
-0.061197 54.326197
-0.061449 -186.145748
-0.061702 44.827595
-0.061956 277.877649
-0.062212 51.113905
-0.062468 -177.775032
-0.062725 -180.740824
-0.062983 43.848481
-0.063243 270.385749
-0.063504 49.923467
-0.063765 -172.536491
-0.064028 41.132971
-0.064292 256.719424
-0.064556 46.947348
-0.064822 -164.786316
-0.065089 -167.526123
-0.065357 40.226720
-0.065627 249.774202
-0.065897 45.840884
-0.066169 -159.931850
-0.066441 37.711724
-0.066715 237.120745
-0.066990 43.084816
-0.067266 -152.758871
-0.067543 -155.288369
-0.067821 36.870074
-0.068100 230.683671
-0.068381 42.060536
-0.068663 -148.259860
-0.068946 34.539620
-0.069230 218.967442
-0.069515 39.506300
-0.069801 -141.621741
-0.070089 -143.956680
-0.070378 33.760745
-0.070668 213.001718
-0.070959 38.555080
-0.071251 -137.454457
-0.071545 31.600814
-0.071840 202.156492
-0.072136 36.192069
-0.072433 -131.308995
-0.072732 -133.465126
-0.073031 30.877996
-0.073332 196.626742
-0.073635 35.311552
-0.073938 -127.445509
-0.074243 28.878466
-0.074549 186.585558
-0.074856 33.120679
-0.075165 -121.760962
-0.075475 -123.751776
-0.075786 28.208018
-0.076098 181.462407
-0.076412 32.304004
-0.076727 -118.182124
-0.077043 26.356788
-0.077361 172.169100
-0.077680 30.275864
-0.078000 -112.921562
-0.078322 -114.757480
-0.078645 25.735553
-0.078969 167.420481
-0.079295 29.519519
-0.079622 -109.605067
-0.079950 24.019787
-0.080280 158.818771
-0.080611 27.641676
-0.080943 -104.737963
-0.081277 -106.433022
-0.081612 23.444242
-0.081949 154.420207
-0.082287 26.941037
-0.082626 -101.666148
-0.082967 21.855658
-0.083310 146.459758
-0.083653 25.202472
-0.083998 -97.163368
-0.084345 -98.727376
-0.084693 21.322956
-0.085042 142.384109
-0.085393 24.552692
-0.085746 -94.317196
-0.086100 19.851709
-0.086455 135.017397
-0.086812 22.942877
-0.087170 -90.152317
-0.087530 -91.594262
-0.087891 19.359231
-0.088254 131.242344
-0.088618 22.341029
-0.088984 -87.515606
-0.089352 17.996863
-0.089721 124.426137
-0.090091 20.851330
-0.090463 -83.663273
-0.090837 -84.994379
-0.091212 17.539330
-0.091589 120.929762
-0.091967 20.294151
-0.092347 -81.221162
-0.092728 16.279124
-0.093111 114.623567
-0.093496 18.915673
-0.093882 -77.657934
-0.094270 -78.885721
-0.094660 15.855489
-0.095051 111.384966
-0.095444 18.399164
-0.095838 -75.396225
-0.096234 14.689090
-0.096632 105.550918
-0.097031 17.122640
-0.097432 -72.101583
-0.097835 -73.232397
-0.098239 14.297617
-0.098646 102.551470
-0.099054 16.644479
-0.099463 -70.006508
-0.099874 13.217655
-0.100288 97.155857
-0.100702 15.464294
-0.101119 -66.959907
-0.101537 -68.002889
-0.101957 12.854533
-0.102379 94.378494
-0.102802 15.022359
-0.103228 -65.019183
-0.103655 11.855271
-0.104084 89.387385
-0.104515 13.929660
-0.104947 -62.202658
-0.105381 -63.164262
-0.105817 11.519822
-0.106256 86.816489
-0.106695 13.520211
-0.107137 -60.405891
-0.107581 10.595428
-0.108026 82.200949
-0.108474 12.509454
-0.108923 -57.801952
-0.109374 -58.687807
-0.109827 10.284612
-0.110282 79.820445
-0.110739 12.131221
-0.111197 -56.137602
-0.111658 9.429527
-0.112121 75.552676
-0.112586 11.196370
-0.113052 -53.730444
-0.113521 -54.547046
-0.113991 9.142179
-0.114464 73.349358
-0.114938 10.845842
-0.115415 -52.190431
-0.115893 8.351111
-0.116374 69.403732
-0.116856 9.981642
-0.117341 -49.964736
-0.117828 -50.716775
-0.118316 8.085452
-0.118807 67.363637
-0.119300 9.657323
-0.119795 -48.538408
-0.120292 7.354644
-0.120791 63.716839
-0.121293 8.858263
-0.121796 -46.482148
-0.122302 -47.174944
-0.122809 7.108502
-0.123319 61.829105
-0.123831 8.558701
-0.124346 -45.161321
-0.124862 6.432830
-0.125381 58.457959
-0.125901 7.819824
-0.126424 -43.260841
-0.126949 -43.898542
-0.127477 6.205410
-0.128007 56.710822
-0.128539 7.542847
-0.129073 -42.038323
-0.129609 5.580336
-0.130148 53.595237
-0.130689 6.859944
-0.131232 -40.282259
-0.131778 -40.869515
-0.132326 5.370821
-0.132876 51.979698
-0.133429 6.604239
-0.133984 -39.150621
-0.134541 4.792981
-0.135101 49.100242
-0.135663 5.972840
-0.136228 -37.527776
-0.136795 -38.068061
-0.137364 4.599306
-0.137936 47.605214
-0.138510 5.736887
-0.139087 -36.479861
-0.139666 4.065808
-0.140248 44.945244
-0.140832 5.153348
-0.141418 -34.981503
-0.142007 -35.478811
-0.142599 3.886931
-0.143193 43.562943
-0.143790 4.935393
-0.144389 -34.011771
-0.144991 3.393646
-0.145595 41.105523
-0.146202 4.396862
-0.146812 -32.626716
-0.147424 -33.084363
-0.148039 3.228809
-0.148656 39.826734
-0.149276 4.195314
-0.149899 -31.729204
-0.150524 2.773507
-0.151152 37.557055
-0.151783 3.697795
-0.152417 -30.450308
-0.153053 -30.871205
-0.153692 2.621174
-0.154333 36.374763
-0.154978 3.512189
-0.155625 -29.619574
-0.156275 2.200610
-0.156928 34.278858
-0.157584 3.052967
-0.158242 -28.438206
-0.158903 -28.825346
-0.159567 2.060379
-0.160234 33.185600
-0.160904 2.881510
-0.161576 -27.669430
-0.162252 1.672185
-0.162931 31.250404
-0.163612 2.457617
-0.164296 -26.578470
-0.164983 -26.934363
-0.165674 1.543042
-0.166367 30.239910
-0.167063 2.299630
-0.167762 -25.866922
-0.168465 1.184777
-0.169170 28.453332
-0.169878 1.908439
-0.170590 -24.859500
-0.171304 -25.186568
-0.172021 1.065869
-0.172742 27.519258
-0.173466 1.762681
-0.174193 -24.201068
-0.174923 0.735405
-0.175656 25.870394
-0.176392 1.401785
-0.177132 -23.271089
-0.177874 -23.571407
-0.178620 0.626161
-0.179369 25.007634
-0.180122 1.267918
-0.180877 -22.661561
-0.181636 0.321100
-0.182399 23.485601
-0.183164 0.935071
-0.183933 -21.802698
-0.184705 -22.078805
-0.185480 0.220556
-0.186259 22.688557
-0.187042 0.811869
-0.187827 -21.238771
-0.188616 -0.060566
-0.189409 21.284245
-0.190205 0.504806
-0.191004 -20.446064
-0.191807 -20.699511
-0.192613 -0.152920
-0.193423 20.548077
-0.194237 0.391738
-0.195054 -19.923992
-0.195874 -0.412037
-0.196698 19.252581
-0.197526 0.108658
-0.198357 -19.192387
-0.199192 -19.425057
-0.200030 -0.496590
-0.200872 18.572982
-0.201718 0.004745
-0.202568 -18.709276
-0.203421 -0.735535
-0.204278 17.377896
-0.205139 -0.256145
-0.206003 -18.033936
-0.206871 -18.247383
-0.207743 -0.813007
-0.208619 16.750432
-0.209499 -0.351519
-0.210382 -17.586868
-0.211270 -1.033002
-0.212161 15.648717
-0.213056 -0.591554
-0.213955 -16.963538
-0.214858 -17.159494
-0.215765 -1.103953
-0.216676 15.069586
-0.217591 -0.679098
-0.218509 -16.549771
-0.219432 -1.306541
-0.220359 14.053613
-0.221290 -0.900148
-0.222225 -15.974393
-0.223165 -16.154209
-0.224108 -1.371485
-0.225055 13.519254
-0.226007 -0.980351
-0.226963 -15.591537
-0.227923 -1.557727
-0.228887 12.582964
-0.229856 -1.183711
-0.230828 -15.060612
-0.231805 -15.225515
-0.232786 -1.616992
-0.233772 12.090191
-0.234762 -1.257052
-0.235756 -14.706256
-0.236755 -1.788342
-0.237758 11.227191
-0.238766 -1.444262
-0.239777 -14.216374
-0.240794 -14.367404
-0.241814 -1.842330
-0.242840 10.772751
-0.243870 -1.511226
-0.244904 -13.888260
-0.245943 -1.999787
-0.246987 9.977798
-0.248035 -1.683245
-0.249088 -13.436303
-0.250145 -13.574707
-0.251207 -2.049020
-0.252274 9.558867
-0.253346 -1.744313
-0.254422 -13.132541
-0.255503 -2.193714
-0.256589 8.826527
-0.257680 -1.902451
-0.258775 -12.715391
-0.259876 -12.842085
-0.260981 -2.238358
-0.262091 8.440469
-0.263206 -1.957999
-0.264326 -12.434181
-0.265451 -2.371189
-0.266581 7.766188
-0.267716 -2.103178
-0.268856 -12.049313
-0.270001 -12.165392
-0.271151 -2.411651
-0.272306 7.410618
-0.273467 -2.153732
-0.274632 -11.788985
-0.275803 -11.899218
-0.276979 -2.452170
-0.278160 7.057700
-0.279347 -2.204181
-0.280540 -11.531291
-0.281737 -2.572126
-0.282940 6.449358
-0.284149 -2.335256
-0.285363 -11.184410
-0.286582 -11.285119
-0.287807 -2.608705
-0.289037 6.124902
-0.290274 -2.380861
-0.291515 -10.946057
-0.292763 -2.718570
-0.294016 5.565745
-0.295274 -2.500873
-0.296539 -10.626293
-0.297808 -10.718197
-0.299084 -2.751328
-0.300366 5.267446
-0.301654 -2.542203
-0.302947 -10.405798
-0.304246 -2.851836
-0.305551 4.753724
-0.306863 -2.651941
-0.308179 -10.111079
-0.309502 -10.194926
-0.310831 -2.881215
-0.312166 4.479653
-0.313508 -2.689156
-0.314855 -9.906996
-0.316208 -2.973042
-0.317568 4.007833
-0.318934 -2.789410
-0.320306 -9.635352
-0.321684 -9.711891
-0.323068 -2.999319
-0.324459 3.756193
-0.325857 -2.822751
-0.327260 -9.446395
-0.328670 -3.083110
-0.330087 3.322898
-0.331510 -2.914451
-0.332939 -9.196049
-0.334375 -9.265777
-0.335818 -3.106371
-0.337267 3.091991
-0.338723 -2.944265
-0.340186 -9.021068
-0.341655 -3.182750
-0.343131 2.694339
-0.344614 -3.027865
-0.346103 -8.790265
-0.347599 -8.853787
-0.349102 -3.203338
-0.350613 2.482498
-0.352130 -3.054425
-0.353654 -8.628193
-0.355185 -3.272874
-0.356723 2.117682
-0.358269 -3.130616
-0.359821 -8.415453
-0.361380 -8.473262
-0.362947 -3.290869
-0.364521 1.923569
-0.366102 -3.154156
-0.367690 -8.265267
-0.369286 -3.354088
-0.370889 1.589040
-0.372500 -3.223419
-0.374118 -8.069056
-0.375743 -8.121666
-0.377375 -3.369756
-0.379016 1.411210
-0.380664 -3.244205
-0.382320 -7.929883
-0.383983 -3.427156
-0.385654 1.104560
-0.387333 -3.307113
-0.389020 -7.748913
-0.390714 -7.796739
-0.392415 -3.440629
-0.394126 0.941821
-0.395844 -3.325280
-0.397570 -7.619836
-0.399304 -3.492630
-0.401046 0.660865
-0.402796 -3.382358
-0.404554 -7.452891
-0.406320 -7.496341
-0.408095 -3.504095
-0.409878 0.512057
-0.411669 -3.398085
-0.413468 -7.333147
-0.415276 -3.551113
-0.417093 0.254781
-0.418918 -3.449788
-0.420751 -7.179100
-0.422592 -7.218494
-0.424442 -3.560652
-0.426301 0.118818
-0.428169 -3.463268
-0.430045 -7.067907
-0.431931 -3.603056
-0.433825 -0.116605
-0.435728 -3.509995
-0.437639 -6.925804
-0.439559 -6.961503
-0.441489 -3.610863
-0.443427 -0.240696
-0.445375 -3.521402
-0.447332 -6.822478
-0.449298 -3.649018
-0.451273 -0.456030
-0.453258 -3.563509
-0.455252 -6.691273
-0.457254 -6.723584
-0.459266 -3.655191
-0.461288 -0.569153
-0.463320 -3.572992
-0.465361 -6.595253
-0.467412 -3.689431
-0.469472 -0.765931
-0.471542 -3.610823
-0.473621 -6.474077
-0.475710 -6.503298
-0.477809 -3.694097
-0.479918 -0.868955
-0.482038 -3.618520
-0.484167 -6.384742
-0.486306 -3.724723
-0.488455 -1.048706
-0.490615 -3.652425
-0.492784 -6.272759
-0.494963 -6.299161
-0.497153 -3.727975
-0.499353 -1.142393
-0.501564 -3.658476
-0.503785 -6.189579
-0.506017 -3.755221
-0.508259 -1.306438
-0.510512 -3.688767
-0.512776 -6.086091
-0.515049 -6.109895
-0.517334 -3.757180
-0.519630 -1.391483
-0.521937 -3.693264
-0.524255 -6.008592
-0.526583 -3.781354
-0.528923 -1.541094
-0.531274 -3.720202
-0.533636 -5.912831
-0.536009 -5.934261
-0.538393 -3.782094
-0.540789 -1.618194
-0.543196 -3.723250
-0.545615 -5.840536
-0.548045 -3.803388
-0.550487 -1.754491
-0.552941 -3.747118
-0.555405 -5.751944
-0.557882 -5.771206
-0.560370 -3.803008
-0.562871 -1.824251
-0.565383 -3.748844
-0.567908 -5.684439
-0.570444 -3.821669
-0.572993 -1.948296
-0.575554 -3.769837
-0.578127 -5.602390
-0.580712 -5.619660
-0.583309 -3.820220
-0.585919 -2.011288
-0.588542 -3.770333
-0.591177 -5.539273
-0.593825 -3.836448
-0.596486 -2.124081
-0.599160 -3.788703
-0.601845 -5.463223
-0.604544 -5.478686
-0.607255 -3.834032
-0.609981 -2.180807
-0.612719 -3.788032
-0.615470 -5.404171
-0.618235 -3.848003
-0.621013 -2.283232
-0.623804 -3.803978
-0.626608 -5.333643
-0.629426 -5.347436
-0.632257 -3.844649
-0.635103 -2.334177
-0.637962 -3.802226
-0.640835 -5.278281
-0.643722 -3.856563
-0.646623 -2.427094
-0.649538 -3.815930
-0.652466 -5.212791
-0.655408 -5.225074
-0.658365 -3.852355
-0.661337 -2.472729
-0.664323 -3.813192
-0.667323 -5.160839
-0.670338 -3.862336
-0.673368 -2.556868
-0.676412 -3.824819
-0.679471 -5.099976
-0.682544 -5.110879
-0.685632 -3.857336
-0.688736 -2.597578
-0.691855 -3.821142
-0.694989 -5.051163
-0.698138 -5.061237
-0.701303 -3.852082
-0.704484 -2.637455
-0.707681 -3.817193
-0.710893 -5.002644
-0.714122 -3.859780
-0.717366 -2.711369
-0.720627 -3.826364
-0.723903 -4.947108
-0.727195 -4.955954
-0.730504 -3.853767
-0.733829 -2.746692
-0.737172 -3.821526
-0.740530 -4.901454
-0.743905 -3.859838
-0.747298 -2.813250
-0.750707 -3.828921
-0.754132 -4.849736
-0.757574 -4.857476
-0.761033 -3.853116
-0.764511 -2.844388
-0.768006 -3.823273
-0.771518 -4.806697
-0.775047 -3.857657
-0.778594 -2.904175
-0.782159 -3.829028
-0.785741 -4.758474
-0.789341 -4.765206
-0.792958 -3.850273
-0.796595 -2.931450
-0.800250 -3.822619
-0.803923 -4.717823
-0.807614 -3.853420
-0.811324 -2.985048
-0.815053 -3.826883
-0.818799 -4.672803
-0.822564 -4.678605
-0.826348 -3.845411
-0.830152 -3.008752
-0.833975 -3.819748
-0.837817 -4.634331
-0.841678 -3.847272
-0.845559 -3.056667
-0.849460 -3.822625
-0.853379 -4.592219
-0.857317 -4.597183
-0.861276 -3.838675
-0.865256 -3.077081
-0.869255 -3.814821
-0.873275 -4.555743
-0.877314 -3.839341
-0.881375 -3.119774
-0.885456 -3.816417
-0.889556 -4.516291
-0.893677 -4.520488
-0.897820 -3.830204
-0.901984 -3.137178
-0.906169 -3.807996
-0.910375 -4.481629
-0.914602 -3.829758
-0.918851 -3.175069
-0.923122 -3.808403
-0.927413 -4.444605
-0.931725 -4.448103
-0.936060 -3.820111
-0.940418 -3.189686
-0.944798 -3.799402
-0.949200 -4.411600
-0.953624 -3.818646
-0.958072 -3.223186
-0.962541 -3.798715
-0.967033 -4.376781
-0.971547 -4.379645
-0.976085 -3.808519
-0.980646 -3.235230
-0.985231 -3.789168
-0.989839 -4.345294
-0.994470 -3.806104
-0.999126 -3.264691
-1.003805 -3.787474
-1.008507 -4.312490
-1.013233 -4.314769
-1.017983 -3.795530
-1.022759 -3.274375
-1.027560 -3.777410
-1.032384 -4.282370
-1.037233 -3.792241
-1.042107 -3.300133
-1.047007 -3.774777
-1.051930 -4.251396
-1.056879 -4.253148
-1.061853 -3.781236
-1.066854 -3.307632
-1.071881 -3.764239
-1.076933 -4.222529
-1.082011 -3.777137
-1.087116 -3.329996
-1.092247 -3.760742
-1.097403 -4.193221
-1.102586 -4.194493
-1.107795 -3.765740
-1.113033 -3.335487
-1.118298 -3.749746
-1.123589 -4.165481
-1.128908 -3.760887
-1.134255 -3.354741
-1.139630 -3.745456
-1.145031 -4.137688
-1.150460 -4.138521
-1.155917 -3.749109
-1.161404 -3.358372
-1.166920 -3.734033
-1.172463 -4.110980
-1.178035 -3.743563
-1.183637 -3.374768
-1.189268 -3.728997
-1.194927 -4.084557
-1.200615 -4.084992
-1.206333 -3.731428
-1.212082 -3.376691
-1.217861 -3.717175
-1.223670 -4.058780
-1.229509 -3.725238
-1.235379 -3.390473
-1.241279 -3.711458
-1.247209 -4.033603
-1.253170 -4.033676
-1.259162 -3.712763
-1.265187 -3.390814
-1.271244 -3.699256
-1.277331 -4.008669
-1.283451 -3.705971
-1.289603 -3.402193
-1.295788 -3.692902
-1.302003 -3.984619
-1.308251 -3.984361
-1.314532 -3.693179
-1.320848 -3.401083
-1.327197 -3.680347
-1.333578 -3.960445
-1.339993 -3.959941
-1.346443 -3.680082
-1.352928 -3.399476
-1.359449 -3.667485
-1.366004 -3.936159
-1.372594 -3.672408
-1.379220 -3.407857
-1.385881 -3.660194
-1.392577 -3.913245
-1.399308 -3.912451
-1.406075 -3.659002
-1.412881 -3.404902
-1.419724 -3.646987
-1.426602 -3.889634
-1.433517 -3.650810
-1.440471 -3.411285
-1.447462 -3.639152
-1.454489 -3.867623
-1.461553 -3.866566
-1.468656 -3.637111
-1.475799 -3.407084
-1.482981 -3.625616
-1.490200 -3.844618
-1.497459 -3.628433
-1.504758 -3.411632
-1.512096 -3.617270
-1.519472 -3.823419
-1.526888 -3.822123
-1.534344 -3.614452
-1.541843 -3.406284
-1.549383 -3.603427
-1.556962 -3.800958
-1.564583 -3.605327
-1.572246 -3.409153
-1.579951 -3.594606
-1.587696 -3.780486
-1.595482 -3.778973
-1.603312 -3.591079
-1.611186 -3.402746
-1.619103 -3.580471
-1.627063 -3.758512
-1.635065 -3.581531
-1.643113 -3.404073
-1.651205 -3.571209
-1.659338 -3.738697
-1.667516 -3.736983
-1.675739 -3.567027
-1.684009 -3.396689
-1.692325 -3.556794
-1.700685 -3.717154
-1.709091 -3.557089
-1.717545 -3.396604
-1.726044 -3.547120
-1.734589 -3.697925
-1.743179 -3.696030
-1.751818 -3.542340
-1.760506 -3.388316
-1.769243 -3.532442
-1.778026 -3.676766
-1.786858 -3.532035
-1.795740 -3.386936
-1.804670 -3.522384
-1.813648 -3.658062
-1.822675 -3.655999
-1.831752 -3.517052
-1.840882 -3.377813
-1.850063 -3.507452
-1.859293 -3.637239
-1.868574 -3.506406
-1.877908 -3.375248
-1.887294 -3.497035
-1.896730 -3.619002
-1.906217 -3.616789
-1.915758 -3.491198
-1.925354 -3.365351
-1.935004 -3.481861
-1.944706 -3.598478
-1.954463 -3.480232
-1.964275 -3.361699
-1.974142 -3.471109
-1.984061 -3.580655
-1.994035 -3.578303
-2.004065 -3.464808
-2.014154 -3.351088
-2.024300 -3.455703
-2.034501 -3.560390
-2.044759 -3.453540
-2.055077 -3.346436
-2.065451 -3.444637
-2.075882 -3.542937
-2.086370 -3.540458
-2.096918 -3.437908
-2.107528 -3.335160
-2.118198 -3.429010
-2.128926 -3.522897
-2.139715 -3.426358
-2.150566 -3.329594
-2.161478 -3.417651
-2.172449 -3.505769
-2.183481 -3.503173
-2.194576 -3.410527
-2.205736 -3.317703
-2.216961 -3.401808
-2.228246 -3.485924
-2.239596 -3.483207
-2.251012 -3.394370
-2.262496 -3.305402
-2.274048 -3.385636
-2.285663 -3.465830
-2.297346 -3.382260
-2.309098 -3.298532
-2.320918 -3.373700
-2.332802 -3.448855
-2.344755 -3.446036
-2.356777 -3.365904
-2.368872 -3.285656
-2.381038 -3.357318
-2.393272 -3.428920
-2.405577 -3.353540
-2.417955 -3.278019
-2.430405 -3.345120
-2.442924 -3.412186
-2.455514 -3.409271
-2.468179 -3.336993
-2.480921 -3.264612
-2.493738 -3.328536
-2.506627 -3.392383
-2.519591 -3.324390
-2.532633 -3.256270
-2.545750 -3.316091
-2.558941 -3.375856
-2.572208 -3.372855
-2.585553 -3.307658
-2.598980 -3.242366
-2.612486 -3.299310
-2.626069 -3.356164
-2.639732 -3.294829
-2.653477 -3.233378
-2.667302 -3.286631
-2.681205 -3.339815
-2.695188 -3.336734
-2.709255 -3.277918
-2.723408 -3.219012
-2.737645 -3.269662
-2.751964 -3.320211
-2.766366 -3.264873
-2.780857 -3.209429
-2.795432 -3.256763
-2.810090 -3.304015
-2.824833 -3.300860
-2.839664 -3.247788
-2.854587 -3.194633
-2.869600 -3.239611
-2.884698 -3.284479
-2.899886 -3.234541
-2.915167 -3.184503
-2.930538 -3.226503
-2.945996 -3.268410
-2.961545 -3.265187
-2.977187 -3.217286
-2.992927 -3.169305
-3.008762 -3.209175
-3.024688 -3.248925
-3.040708 -3.203845
-3.056828 -3.158671
-3.073043 -3.195869
-3.089350 -3.232964
-3.105754 -3.229676
-3.122257 -3.186426
-3.138863 -3.143098
-3.155570 -3.178368
-3.172374 -3.213513
-3.189278 -3.172802
-3.206287 -3.131999
-3.223398 -3.164874
-3.240607 -3.197639
-3.257917 -3.194292
-3.275334 -3.155222
-3.292860 -3.116076
-3.310493 -3.147207
-3.328229 -3.178208
-3.346071 -3.141422
-3.364025 -3.104547
-3.382087 -3.133533
-3.400252 -3.162404
-3.418527 -3.159002
-3.436913 -3.123686
-3.455416 -3.088295
-3.474032 -3.115705
-3.492757 -3.142981
-3.511596 -3.139490
-3.530553 -3.105604
-3.549633 -3.071657
-3.568831 -3.097527
-3.588144 -3.123245
-3.607576 -3.091344
-3.627133 -3.059370
-3.646810 -3.083389
-3.666603 -3.107271
-3.686517 -3.103729
-3.706557 -3.073106
-3.726726 -3.042421
-3.747022 -3.065049
-3.767441 -3.087525
-3.787986 -3.058684
-3.808663 -3.029769
-3.829469 -3.050746
-3.850398 -3.071583
-3.871456 -3.067995
-3.892647 -3.040293
-3.913976 -3.012526
-3.935441 -3.032248
-3.957035 -3.051817
-3.978765 -3.025714
-4.000634 -2.999536
-4.022641 -3.017786
-4.044779 -3.035895
-4.067054 -3.032262
-4.089471 -3.007173
-4.112035 -2.982017
-4.134743 -2.999135
-4.157589 -3.016099
-4.180579 -2.992444
-4.203719 -2.968713
-4.227003 -2.984521
-4.250428 -3.000186
-4.273999 -2.996511
-4.297721 -2.973758
-4.321601 -2.950935
-4.345632 -2.965720
-4.369812 -2.980352
-4.394144 -2.958885
-4.418636 -2.937339
-4.443282 -2.950960
-4.468078 -2.964437
-4.493030 -2.960723
-4.518142 -2.940056
-4.543422 -2.919316
-4.568864 -2.932014
-4.594464 -2.944558
-4.620227 -2.925044
-4.646159 -2.905450
-4.672257 -2.917113
-4.698514 -2.928633
-4.724936 -2.924881
-4.751530 -2.906076
-4.778302 -2.887194
-4.805248 -2.898024
-4.832361 -2.908702
-4.859649 -2.890930
-4.887117 -2.873076
-4.914761 -2.882989
-4.942575 -2.892759
-4.970566 -2.888971
-4.998739 -2.871825
-5.027103 -2.854600
-5.055652 -2.863761
-5.084379 -2.872770
-5.113292 -2.868903
-5.142399 -2.852361
-5.171705 -2.835743
-5.201205 -2.844170
-5.230895 -2.852436
-5.260779 -2.836789
-5.290867 -2.821059
-5.321152 -2.828708
-5.351629 -2.836205
-5.382303 -2.832304
-5.413184 -2.817187
-5.444279 -2.801990
-5.475581 -2.808976
-5.507084 -2.815804
-5.538797 -2.801488
-5.570727 -2.787086
-5.602867 -2.793387
-5.635212 -2.799537
-5.667768 -2.795603
-5.700545 -2.781752
-5.733550 -2.767817
-5.766777 -2.773519
-5.800220 -2.779065
-5.833886 -2.765930
-5.867784 -2.752707
-5.901907 -2.757806
-5.936248 -2.762756
-5.970816 -2.758792
-6.005620 -2.746064
-6.040668 -2.733247
-6.075953 -2.737806
-6.111469 -2.742210
-6.147223 -2.730123
-6.183225 -2.717945
-6.219469 -2.721974
-6.255945 -2.725856
-6.292665 -2.721862
-6.329636 -2.710129
-6.366868 -2.698304
-6.404355 -2.701844
-6.442087 -2.705232
-6.480076 -2.694074
-6.518329 -2.682821
-6.556841 -2.685898
-6.595602 -2.688829
-6.634623 -2.684807
-6.673913 -2.673954
-6.713483 -2.663006
-6.753325 -2.665642
-6.793431 -2.668126
-6.833810 -2.657789
-6.874473 -2.647353
-6.915412 -2.649585
-6.956619 -2.651671
-6.998103 -2.647622
-7.039876 -2.637547
-7.081948 -2.627374
-7.124312 -2.629205
-7.166958 -2.630886
-7.209896 -2.626759
-7.253139 -2.616934
-7.296698 -2.607011
-7.340565 -2.608451
-7.384729 -2.609736
-7.429202 -2.600359
-7.473997 -2.590879
-7.519104 -2.591985
-7.564513 -2.592942
-7.610237 -2.588789
-7.656287 -2.579624
-7.702676 -2.570357
-7.749395 -2.571108
-7.796433 -2.571706
-7.843803 -2.562942
-7.891518 -2.554074
-7.939568 -2.554536
-7.987943 -2.554853
-8.036655 -2.550674
-8.085717 -2.542089
-8.135143 -2.533399
-8.184923 -2.533540
-8.235046 -2.533530
-8.285525 -2.525305
-8.336374 -2.516974
-8.387583 -2.516867
-8.439140 -2.516615
-8.491060 -2.512412
-8.543355 -2.504337
-8.596042 -2.496154
-8.649108 -2.495754
-8.702543 -2.495206
-8.756361 -2.487455
-8.810575 -2.479594
-8.865177 -2.478984
-8.920153 -2.478229
-8.975518 -2.474003
-9.031286 -2.466375
-9.087475 -2.458636
-9.144072 -2.457758
-9.201065 -2.456734
-9.258469 -2.452430
-9.316300 -2.444916
-9.374574 -2.437290
-9.433281 -2.436151
-9.492406 -2.434862
-9.551966 -2.427631
-9.611977 -2.420287
-9.672428 -2.418980
-9.733305 -2.417528
-9.794625 -2.413201
-9.856404 -2.406062
-9.918661 -2.398807
-9.981383 -2.397262
-10.044555 -2.395568
-10.108196 -2.388684
-10.172323 -2.381683
-10.236923 -2.379999
-10.301982 -2.378169
-10.367517 -2.373821
-10.433548 -2.367008
-10.500093 -2.360076
-10.567139 -2.358173
-10.634670 -2.356123
-10.702706 -2.349541
-10.771266 -2.342840
-10.840335 -2.340822
-10.909899 -2.338660
-10.979976 -2.334291
-11.050587 -2.327763
-11.121753 -2.321113
-11.193458 -2.318894
-11.265686 -2.316529
-11.338458 -2.310211
-11.411794 -2.303771
-11.485681 -2.301459
-11.560100 -2.299004
-11.635073 -2.294615
-11.710621 -2.288334
-11.786767 -2.281929
-11.863495 -2.279432
-11.940787 -2.276790
-12.018665 -2.272324
-12.097153 -2.266073
-12.176273 -2.259697
-12.256011 -2.257019
-12.336346 -2.254194
-12.417303 -2.248130
-12.498905 -2.241940
-12.581136 -2.239195
-12.663977 -2.236306
-12.747450 -2.231820
-12.831583 -2.225774
-12.916399 -2.219599
-13.001881 -2.216687
-13.088010 -2.213628
-13.174810 -2.207752
-13.262308 -2.201748
-13.350485 -2.198786
-13.439321 -2.195680
-13.528842 -2.191176
-13.619074 -2.185306
-13.710047 -2.179305
-13.801739 -2.176187
-13.894130 -2.172924
-13.987246 -2.167211
-14.081118 -2.161367
-14.175724 -2.158214
-14.271043 -2.154919
-14.367102 -2.150398
-14.463931 -2.144679
-14.561560 -2.138829
-14.659968 -2.135531
-14.759132 -2.132089
-14.859081 -2.127490
-14.959847 -2.121762
-15.061462 -2.115900
-15.163904 -2.112459
-15.267148 -2.108872
-15.371226 -2.103286
-15.476171 -2.097566
-15.581961 -2.094109
-15.688569 -2.090508
-15.796029 -2.085893
-15.904374 -2.080289
-16.013640 -2.074548
-16.123801 -2.070958
-16.234833 -2.067221
-16.346769 -2.061749
-16.459645 -2.056141
-16.573436 -2.052544
-16.688115 -2.048805
-16.803718 -2.044176
-16.920281 -2.038678
-17.037842 -2.033042
-17.156375 -2.029320
-17.275852 -2.025454
-17.396309 -2.020079
-17.517787 -2.014568
-17.640258 -2.010849
-17.763692 -2.006989
-17.888128 -2.002347
-18.013606 -1.996940
-18.140167 -1.991394
-18.267783 -1.987559
-18.396423 -1.983579
-18.526128 -1.978860
-18.656940 -1.973417
-18.788904 -1.967833
-18.921989 -1.963881
-19.056164 -1.959783
-19.191471 -1.954455
-19.327956 -1.948987
-19.465588 -1.945051
-19.604334 -1.940972
-19.744237 -1.936242
-19.885344 -1.930873
-20.027704 -1.925361
-20.171284 -1.921315
-20.316048 -1.917125
-20.462044 -1.911865
-20.609322 -1.906463
-20.757847 -1.902441
-20.907584 -1.898276
-21.058580 -1.893536
-21.210886 -1.888230
-21.364555 -1.882781
-21.519553 -1.878655
-21.675839 -1.874384
-21.833465 -1.869566
-21.992486 -1.864213
-22.152959 -1.858713
-22.314845 -1.854484
-22.478105 -1.850108
-22.642792 -1.844857
-22.808966 -1.839462
-22.976587 -1.835266
-23.145613 -1.830926
-23.316101 -1.826101
-23.488110 -1.820799
-23.661702 -1.815350
-23.836835 -1.811056
-24.013466 -1.806616
-24.191654 -1.801413
-24.371463 -1.796065
-24.552852 -1.791810
-24.735773 -1.787411
-24.920289 -1.782580
-25.106463 -1.777322
-25.294365 -1.771918
-25.483949 -1.767569
-25.675168 -1.763075
-25.868085 -1.758168
-26.062772 -1.752854
-26.259300 -1.747391
-26.457622 -1.742949
-26.657688 -1.738361
-26.859566 -1.733143
-27.063332 -1.727777
-27.268938 -1.723382
-27.476330 -1.718843
-27.685580 -1.713933
-27.896764 -1.708657
-28.109961 -1.703230
-28.325121 -1.698747
-28.542186 -1.694117
-28.761235 -1.689132
-28.982348 -1.683796
-29.205610 -1.678307
-29.430968 -1.673735
-29.658361 -1.669015
-29.887872 -1.663773
-30.119590 -1.658380
-30.353456 -1.653862
-30.589411 -1.649198
-30.827539 -1.644213
-31.067928 -1.638910
-31.310673 -1.633454
-31.555713 -1.628852
-31.802985 -1.624101
-32.052578 -1.618891
-32.304588 -1.613529
-32.558954 -1.608984
-32.815608 -1.604294
-33.074645 -1.599312
-33.336160 -1.594039
-33.600258 -1.588613
-33.866872 -1.583988
-34.135932 -1.579215
-34.407537 -1.574160
-34.681793 -1.568824
-34.958809 -1.563333
-35.238516 -1.558628
-35.520838 -1.553773
-35.805884 -1.548529
-36.093764 -1.543133
-36.384410 -1.538490
-36.677741 -1.533702
-36.973867 -1.528654
-37.272905 -1.523347
-37.574974 -1.517885
-37.880000 -1.513166
-38.187900 -1.508299
-38.498790 -1.503180
-38.812795 -1.497809
-39.130045 -1.492282
-39.450460 -1.487486
-39.773952 -1.482541
-40.100647 -1.477264
-40.430678 -1.471831
-40.763963 -1.467105
-41.100409 -1.462231
-41.440147 -1.457124
-41.783313 -1.451783
-42.130050 -1.446286
-42.480272 -1.441487
-42.833879 -1.436539
-43.191011 -1.431363
-43.551816 -1.425958
-43.916448 -1.420395
-44.284813 -1.415524
-44.656806 -1.410502
-45.032579 -1.405192
-45.412289 -1.399726
-45.795840 -1.394928
-46.183123 -1.389984
-46.574294 -1.384826
-46.969513 -1.379453
-47.368953 -1.373923
-47.772508 -1.369057
-48.180064 -1.364042
-48.591787 -1.358818
-49.007852 -1.353383
-49.428441 -1.347788
-49.853446 -1.342855
-50.282744 -1.337771
-50.716513 -1.332481
-51.154941 -1.326984
-51.598227 -1.321326
-52.046253 -1.316326
-52.498887 -1.311174
-52.956325 -1.305775
-53.418767 -1.300218
-53.886093 -1.295300
-54.358167 -1.290233
-54.835188 -1.284971
-55.317362 -1.279512
-55.804908 -1.273893
-56.297698 -1.268912
-56.795586 -1.263781
-57.298785 -1.258457
-57.807519 -1.252939
-58.322026 -1.247259
-58.842166 -1.242217
-59.367784 -1.237023
-59.899111 -1.231638
-60.436390 -1.226062
-60.979873 -1.220323
-61.529415 -1.215220
-62.084848 -1.209964
-62.646423 -1.204492
-63.214400 -1.198859
-63.788626 -1.193847
-64.368929 -1.188684
-64.955565 -1.183340
-65.548801 -1.177812
-66.148919 -1.172123
-66.755756 -1.167055
-67.369127 -1.161835
-67.989309 -1.156436
-68.616589 -1.150855
-69.251274 -1.145111
-69.893189 -1.139988
-70.542135 -1.134714
-71.198411 -1.129261
-71.862329 -1.123627
-72.534217 -1.117830
-73.213888 -1.112656
-73.901132 -1.107328
-74.596271 -1.101805
-75.299640 -1.096122
-76.011047 -1.091046
-76.730272 -1.085821
-77.457643 -1.080424
-78.193507 -1.074853
-78.938230 -1.069121
-79.691603 -1.063998
-80.453390 -1.058725
-81.223948 -1.053282
-82.003649 -1.047665
-82.792890 -1.041887
-83.591447 -1.036719
-84.399066 -1.031401
-85.216132 -1.025914
-86.043050 -1.020254
-86.880245 -1.014432
-87.727479 -1.009223
-88.584478 -1.003862
-89.451660 -0.998334
-90.329461 -0.992634
-91.218341 -0.986771
-92.118044 -0.981523
-93.028277 -0.976123
-93.949489 -0.970557
-94.882153 -0.964820
-95.826766 -0.958920
-96.783052 -0.953637
-97.750700 -0.948201
-98.730192 -0.942600
-99.722040 -0.936830
-100.726780 -0.930897
-101.744115 -0.925582
-102.773709 -0.920115
-103.816087 -0.914483
-104.871799 -0.908683
-105.941427 -0.902720
-107.024653 -0.897378
-108.121113 -0.891883
-109.231373 -0.886225
-110.356030 -0.880400
-111.495711 -0.874412
-112.650073 -0.869046
-113.818724 -0.863529
-115.002276 -0.857849
-116.201375 -0.852004
-117.416699 -0.845996
-118.647876 -0.840612
-119.894484 -0.835076
-121.157187 -0.829380
-122.436678 -0.823520
-123.733689 -0.817498
-125.047822 -0.812100
-126.378620 -0.806552
-127.726797 -0.800845
-129.093105 -0.794975
-130.478337 -0.788944
-131.882058 -0.783539
-133.303775 -0.777984
-134.744257 -0.772272
-136.204318 -0.766399
-137.684810 -0.760366
-139.185266 -0.754959
-140.705150 -0.749403
-142.245297 -0.743692
-143.806578 -0.737822
-145.389911 -0.731795
-146.994792 -0.726392
-148.620644 -0.720843
-150.268360 -0.715140
-151.938884 -0.709281
-153.633204 -0.703265
-155.350773 -0.697874
-157.090960 -0.692338
-158.854728 -0.686650
-160.643094 -0.680809
-162.457121 -0.674814
-164.296211 -0.669442
-166.159684 -0.663926
-168.048575 -0.658262
-169.963969 -0.652447
-171.907012 -0.646481
-173.877057 -0.641135
-175.873365 -0.635648
-177.897043 -0.630016
-179.949256 -0.624236
-182.031231 -0.618306
-184.142266 -0.612995
-186.281555 -0.607546
-188.450287 -0.601954
-190.649708 -0.596217
-192.881118 -0.590335
-195.143757 -0.585067
-197.436758 -0.579664
-199.761389 -0.574121
-202.118977 -0.568437
-204.510913 -0.562611
-206.936365 -0.557395
-209.394388 -0.552048
-211.886332 -0.546564
-214.413608 -0.540943
-216.977695 -0.535184
-219.577695 -0.530029
-222.212579 -0.524746
-224.883776 -0.519332
-227.592782 -0.513784
-230.341161 -0.508101
-233.127932 -0.503017
-235.951982 -0.497809
-238.814825 -0.492473
-241.718041 -0.487008
-244.663283 -0.481414
-247.649482 -0.476411
-250.675432 -0.471287
-253.742727 -0.466040
-256.853022 -0.460669
-260.008054 -0.455173
-263.206670 -0.450260
-266.447555 -0.445231
-269.732379 -0.440083
-273.062882 -0.434817
-276.440875 -0.429431
-279.865106 -0.424617
-283.334160 -0.419693
-286.849775 -0.414655
-290.413758 -0.409504
-294.027998 -0.404238
-297.691131 -0.399535
-301.401628 -0.394725
-305.161301 -0.389808
-308.972021 -0.384781
-312.835741 -0.379647
-316.750988 -0.375063
-320.716110 -0.370378
-324.732973 -0.365590
-328.803509 -0.360700
-332.929729 -0.355707
-337.113719 -0.350610
-341.353817 -0.346065
-345.648189 -0.341423
-349.998815 -0.336684
-354.407737 -0.331848
-358.877089 -0.326916
-363.409074 -0.321886
-368.001836 -0.317405
-372.653316 -0.312833
-377.365592 -0.308171
-382.140827 -0.303418
-386.981240 -0.298576
-391.889120 -0.293644
-396.862400 -0.289255
-401.898788 -0.284782
-407.000440 -0.280226
-412.169572 -0.275587
-417.408478 -0.270865
-422.719512 -0.266064
-428.100355 -0.261795
-433.548473 -0.257450
-439.066072 -0.253030
-444.655406 -0.248535
-450.318783 -0.243967
-456.058578 -0.239328
-461.872219 -0.235209
-467.756903 -0.231022
-473.714830 -0.226768
-479.748248 -0.222449
-485.859461 -0.218065
-492.050800 -0.213620
-498.319427 -0.209679
-504.662260 -0.205679
-511.081456 -0.201621
-517.579223 -0.197507
-524.157778 -0.193338
-530.819365 -0.189117
-537.566253 -0.184846
-544.395215 -0.181068
-551.302776 -0.177242
-558.291010 -0.173370
-565.362004 -0.169452
-572.517857 -0.165493
-579.760682 -0.161494
-587.092583 -0.157459
-594.509935 -0.153898
-602.008850 -0.150301
-609.591222 -0.146669
-617.258940 -0.143005
-625.013876 -0.139311
-632.857894 -0.135591
-640.792818 -0.131848
-648.814630 -0.128555
-656.919089 -0.125236
-665.107811 -0.121895
-673.382390 -0.118534
-681.744364 -0.115157
-690.195243 -0.111766
-698.736472 -0.108364
-707.369426 -0.104956
-716.089630 -0.101969
-724.892414 -0.098972
-733.778974 -0.095966
-742.750444 -0.092955
-751.807893 -0.089942
-760.952320 -0.086931
-770.184651 -0.083924
-779.505713 -0.080926
-788.916207 -0.077939
-798.411167 -0.075337
-807.985516 -0.072740
-817.639850 -0.070151
-827.374676 -0.067573
-837.190406 -0.065008
-847.087356 -0.062462
-857.065718 -0.059935
-867.125602 -0.057433
-877.266985 -0.054957
-887.489705 -0.052511
-897.788527 -0.050398
-908.158158 -0.048305
-918.598450 -0.046235
-929.109194 -0.044191
-939.690036 -0.042175
-950.340504 -0.040190
-961.060027 -0.038239
-971.847936 -0.036324
-982.703429 -0.034447
-993.625603 -0.032612
-1004.613472 -0.030820
-1015.665940 -0.029073
-1026.781775 -0.027374
-1037.955868 -0.025927
-1049.183270 -0.024515
-1060.463007 -0.023138
-1071.794030 -0.021798
-1083.175215 -0.020498
-1094.605358 -0.019237
-1106.083211 -0.018018
-1117.607444 -0.016842
-1129.176649 -0.015709
-1140.789371 -0.014620
-1152.444130 -0.013576
-1164.139399 -0.012577
-1175.873602 -0.011624
-1187.645142 -0.010717
-1199.452403 -0.009856
-1211.293754 -0.009040
-1223.167544 -0.008270
-1235.072167 -0.007544
-1247.006001 -0.006863
-1258.967411 -0.006225
-1270.954780 -0.005629
-1282.966565 -0.005075
-1295.001248 -0.004561
-1307.057327 -0.004085
-1319.133416 -0.003647
-1331.228119 -0.003245
-1343.340097 -0.002876
-1355.468094 -0.002540
-1367.610912 -0.002235
-1379.767410 -0.001959
-1391.935797 -0.001740
-1404.114489 -0.001540
-1416.302784 -0.001357
-1428.500014 -0.001192
-1440.705568 -0.001043
-1452.918930 -0.000909
-1465.139553 -0.000789
-1477.366952 -0.000681
-1489.600703 -0.000586
-1501.840386 -0.000502
-1514.085641 -0.000428
-1526.336141 -0.000363
-1538.591622 -0.000307
-1550.851822 -0.000258
-1563.116513 -0.000215
-1575.385528 -0.000179
-1587.658734 -0.000148
-1599.936001 -0.000122
-1612.217231 -0.000100
-1624.502360 -0.000082
-1636.791326 -0.000067
-1649.084101 -0.000054
-1661.380690 -0.000045
-1673.681102 -0.000037
-1685.985348 -0.000031
-1698.293442 -0.000027
-1710.605431 -0.000024
-1722.921399 -0.000023

