-0.00000001 9.4442170159909136 -0.0002313806142651
-0.00000001 9.3035044058715091 -0.0002324093029534
-0.00000001 9.1654452861864133 -0.0002334425650601
-0.00000001 9.0343957140779310 -0.0002344804209183
-0.00000001 8.9032642056982674 -0.0002355228909511
-0.00000001 8.7698012147214328 -0.0002365699956725
-0.00000001 8.6382353028465566 -0.0002376217556877
-0.00000001 8.5102428869105449 -0.0002386781916937
-0.00000001 8.3888200476406336 -0.0002397393244793
-0.00000001 8.2685440584745606 -0.0002408051749257
-0.00000001 8.1456015444269916 -0.0002418757640070
-0.00000001 8.0254156330877997 -0.0002429511127907
-0.00000001 7.9069300501596196 -0.0002440312424377
-0.00000001 7.7923247044670054 -0.0002451161742032
-0.00000001 7.6803063465370807 -0.0002462059294367
-0.00000001 7.5675782430376746 -0.0002473005295828
-0.00000001 7.4575791023113700 -0.0002483999961813
-0.00000001 7.3466741176652670 -0.0002495043508679
-0.00000001 7.2384871427595776 -0.0002506136153743
-0.00000001 7.1353510276378387 -0.0002517278115291
-0.00000001 7.0308692077598538 -0.0002528469612576
-0.00000001 6.9278986915180782 -0.0002539710865828
-0.00000001 6.8273241048363724 -0.0002551002096256
-0.00000001 6.7289869043294530 -0.0002562343526052
-0.00000001 6.6312447075285972 -0.0002573735378396
-0.00000001 6.5337245240056543 -0.0002585177877460
-0.00000001 6.4403767970764987 -0.0002596671248413
-0.00000001 6.3483399742334461 -0.0002608215717424
-0.00000001 6.2547188314791864 -0.0002619811511670
-0.00000001 6.1621860871329082 -0.0002631458859335
-0.00000001 6.0745519955781386 -0.0002643157989620
-0.00000001 5.9881920207805273 -0.0002654909132742
-0.00000001 5.9010952523845317 -0.0002666712519946
-0.00000001 5.8179041326847791 -0.0002678568383500
-0.00000001 5.7343058235648803 -0.0002690476956709
-0.00000001 5.6491584256425398 -0.0002702438473912
-0.00000001 5.5679692010493014 -0.0002714453170492
-0.00000001 5.4893348381699045 -0.0002726521282877
-0.00000001 5.4119983197242494 -0.0002738643048547
-0.00000001 5.3339185599714103 -0.0002750818706038
-0.00000001 5.2567331779254145 -0.0002763048494946
-0.00000001 5.1827382310493331 -0.0002775332655931
-0.00000001 5.1081435993078363 -0.0002787671430727
-0.00000001 5.0342928833782636 -0.0002800065062137
-0.00000001 4.9642839035170834 -0.0002812513794048
-0.00000001 4.8956871622731404 -0.0002825017871430
-0.00000001 4.8238336050342134 -0.0002837577540341
-0.00000001 4.7523364402594543 -0.0002850193047934
-0.00000001 4.6887026150528204 -0.0002862864642461
-0.00000001 4.6258132542216348 -0.0002875592573276
-0.00000001 4.5568113659333980 -0.0002888377090844
-0.00000001 4.4919385439992148 -0.0002901218446743
-0.00000001 4.4311515013731668 -0.0002914116893667
-0.00000001 4.3675784935420774 -0.0002927072685437
-0.00000001 4.3085941004540471 -0.0002940086076999
-0.00000001 4.2490613465798432 -0.0002953157324436
-0.00000001 4.1857913749335376 -0.0002966286684967
-0.00000002 4.1287571687750209 -0.0002979474416955
-0.00000002 4.0717886539467214 -0.0002992720779913
-0.00000002 4.0143545515752113 -0.0003006026034505
-0.00000002 3.9612470249020006 -0.0003019390442557
-0.00000002 3.9064820919221304 -0.0003032814267057
-0.00000002 3.8515305773312405 -0.0003046297772163
-0.00000002 3.7988078169593558 -0.0003059841223208
-0.00000002 3.7464595052655696 -0.0003073444886702
-0.00000002 3.6957203732771462 -0.0003087109030343
-0.00000002 3.6447064446346080 -0.0003100833923018
-0.00000002 3.5936273733058295 -0.0003114619834809
-0.00000002 3.5462755204199121 -0.0003128467036999
-0.00000002 3.5000085333654503 -0.0003142375802077
-0.00000002 3.4525803463142011 -0.0003156346403744
-0.00000002 3.4057994150153990 -0.0003170379116917
-0.00000002 3.3584176449464396 -0.0003184474217736
-0.00000002 3.3113196514581680 -0.0003198631983569
-0.00000002 3.2685850068153250 -0.0003212852693015
-0.00000002 3.2275036795103511 -0.0003227136625914
-0.00000002 3.1834688940007014 -0.0003241484063349
-0.00000002 3.1405416619779984 -0.0003255895287654
-0.00000002 3.1008494013063297 -0.0003270370582415
-0.00000002 3.0585168835829886 -0.0003284910232482
-0.00000002 3.0161733299471982 -0.0003299514523971
-0.00000002 2.9792105727828848 -0.0003314183744268
-0.00000002 2.9420748759036965 -0.0003328918182039
-0.00000002 2.9018152832911435 -0.0003343718127232
-0.00000003 2.8631100617058975 -0.0003358583871085
-0.00000003 2.8276949559777664 -0.0003373515706129
-0.00000003 2.7924072031995837 -0.0003388513926197
-0.00000003 2.7556254443544779 -0.0003403578826429
-0.00000003 2.7195361028366309 -0.0003418710703276
-0.00000003 2.6846376826792411 -0.0003433909854507
-0.00000003 2.6517698364524702 -0.0003449176579215
-0.00000003 2.6203057865636072 -0.0003464511177823
-0.00000003 2.5859316900374165 -0.0003479913952090
-0.00000003 2.5516297181411529 -0.0003495385205115
-0.00000003 2.5204329235344929 -0.0003510925241346
-0.00000003 2.4899917463302295 -0.0003526534366585
-0.00000003 2.4601162570043011 -0.0003542212887991
-0.00000003 2.4300362109467799 -0.0003557961114091
-0.00000003 2.3995008890949459 -0.0003573779354783
-0.00000003 2.3700420662342121 -0.0003589667921342
-0.00000003 2.3419156021308036 -0.0003605627126429
-0.00000004 2.3139153945859028 -0.0003621657284092
-0.00000004 2.2853524521672974 -0.0003637758709778
-0.00000004 2.2582377538237663 -0.0003653931720334
-0.00000004 2.2325574219804798 -0.0003670176634017
-0.00000004 2.2052609591961612 -0.0003686493770500
-0.00000004 2.1786130642070685 -0.0003702883450876
-0.00000004 2.1551283002608614 -0.0003719345997664
-0.00000004 2.1311145056885903 -0.0003735881734819
-0.00000004 2.1045059396686163 -0.0003752490987736
-0.00000004 2.0788612298326412 -0.0003769174083257
-0.00000004 2.0566733217690656 -0.0003785931349675
-0.00000004 2.0351491661701475 -0.0003802763116744
-0.00000004 2.0121335814653745 -0.0003819669715685
-0.00000005 1.9883754976981756 -0.0003836651479190
-0.00000005 1.9658258105717379 -0.0003853708741431
-0.00000005 1.9452313406788591 -0.0003870841838064
-0.00000005 1.9243428023946332 -0.0003888051106240
-0.00000005 1.9025432813845005 -0.0003905336884607
-0.00000005 1.8819850769497841 -0.0003922699513320
-0.00000005 1.8626202904149878 -0.0003940139334043
-0.00000005 1.8427507324121537 -0.0003957656689964
-0.00000005 1.8231134839521834 -0.0003975251925792
-0.00000005 1.8041460257246329 -0.0003992925387772
-0.00000006 1.7851842687663453 -0.0004010677423686
-0.00000006 1.7667142935205329 -0.0004028508382863
-0.00000006 1.7489213644699428 -0.0004046418616186
-0.00000006 1.7316447844782519 -0.0004064408476098
-0.00000006 1.7144318989142187 -0.0004082478316606
-0.00000006 1.6966449612643508 -0.0004100628493294
-0.00000006 1.6795487059109915 -0.0004118859363325
-0.00000006 1.6640511615498459 -0.0004137171285452
-0.00000006 1.6486626904481891 -0.0004155564620021
-0.00000007 1.6320756196634159 -0.0004174039728980
-0.00000007 1.6158144054617876 -0.0004192596975887
-0.00000007 1.6014240779733255 -0.0004211236725917
-0.00000007 1.5867306084350394 -0.0004229959345868
-0.00000007 1.5720264542454514 -0.0004248765204166
-0.00000007 1.5582500102035992 -0.0004267654670880
-0.00000007 1.5434625040814507 -0.0004286628117719
-0.00000008 1.5289988871782114 -0.0004305685918050
-0.00000008 1.5163278585114051 -0.0004324828446894
-0.00000008 1.5037418033874979 -0.0004344056080945
-0.00000008 1.4906067884463166 -0.0004363369198568
-0.00000008 1.4773412791981804 -0.0004382768179810
-0.00000008 1.4647748848409061 -0.0004402253406410
-0.00000009 1.4532393476612837 -0.0004421825261803
-0.00000009 1.4412402295452216 -0.0004441484131129
-0.00000009 1.4290645857604920 -0.0004461230401238
-0.00000009 1.4178246070041973 -0.0004481064460704
-0.00000009 1.4069819736578926 -0.0004500986699825
-0.00000009 1.3959703413310058 -0.0004520997510635
-0.00000010 1.3849521818924710 -0.0004541097286913
-0.00000010 1.3743258271402510 -0.0004561286424185
-0.00000010 1.3642629206078740 -0.0004581565319739
-0.00000010 1.3543820351718325 -0.0004601934372627
-0.00000010 1.3444907947801061 -0.0004622393983677
-0.00000011 1.3350117592304995 -0.0004642944555496
-0.00000011 1.3256319116987056 -0.0004663586492483
-0.00000011 1.3160692113859234 -0.0004684320200836
-0.00000011 1.3069183280144596 -0.0004705146088556
-0.00000012 1.2983856430881533 -0.0004726064565461
-0.00000012 1.2901594074316511 -0.0004747076043187
-0.00000012 1.2818075615298206 -0.0004768180935205
-0.00000012 1.2731740575829087 -0.0004789379656820
-0.00000013 1.2651077320850432 -0.0004810672625185
-0.00000013 1.2577513433286800 -0.0004832060259308
-0.00000013 1.2500750765017836 -0.0004853542980060
-0.00000013 1.2423633171335284 -0.0004875121210181
-0.00000014 1.2353191872571725 -0.0004896795374292
-0.00000014 1.2283090998386512 -0.0004918565898903
-0.00000014 1.2211714956255224 -0.0004940433212417
-0.00000014 1.2144088294202167 -0.0004962397745143
-0.00000015 1.2081124850201510 -0.0004984459929306
-0.00000015 1.2018794909447843 -0.0005006620199048
-0.00000015 1.1953695848838426 -0.0005028878990443
-0.00000016 1.1892693521339752 -0.0005051236741504
-0.00000016 1.1836174129753496 -0.0005073693892192
-0.00000016 1.1778767934581940 -0.0005096250884422
-0.00000017 1.1723326558331877 -0.0005118908162075
-0.00000017 1.1668818743563469 -0.0005141666171005
-0.00000017 1.1614499225081047 -0.0005164525359048
-0.00000018 1.1565967779419770 -0.0005187486176032
-0.00000018 1.1518383974571507 -0.0005210549073783
-0.00000018 1.1467795618204435 -0.0005233714506137
-0.00000019 1.1419920654099700 -0.0005256982928948
-0.00000019 1.1374189176813116 -0.0005280354800094
-0.00000020 1.1330866638249459 -0.0005303830579493
-0.00000020 1.1290326305572622 -0.0005327410729103
-0.00000020 1.1250768193267082 -0.0005351095712939
-0.00000021 1.1210638228304493 -0.0005374885997078
-0.00000021 1.1169985617894107 -0.0005398782049669
-0.00000022 1.1133821514229409 -0.0005422784340941
-0.00000022 1.1098708974540243 -0.0005446893343215
-0.00000023 1.1063844561902405 -0.0005471109530913
-0.00000023 1.1032457698135105 -0.0005495433380563
-0.00000024 1.1000266664343763 -0.0005519865370813
-0.00000024 1.0967915952631433 -0.0005544405982440
-0.00000024 1.0938536418153075 -0.0005569055698356
-0.00000025 1.0910322656141926 -0.0005593815003623
-0.00000026 1.0883325813888440 -0.0005618684385457
-0.00000026 1.0859100626349782 -0.0005643664333240
-0.00000027 1.0833743740781014 -0.0005668755338532
-0.00000027 1.0809294714299158 -0.0005693957895076
-0.00000028 1.0788463605409251 -0.0005719272498810
-0.00000028 1.0767134895237727 -0.0005744699647877
-0.00000029 1.0745726427432132 -0.0005770239842637
-0.00000029 1.0726601342459867 -0.0005795893585671
-0.00000030 1.0709407174672156 -0.0005821661381796
-0.00000031 1.0691728260371405 -0.0005847543738074
-0.00000031 1.0675490141948112 -0.0005873541163818
-0.00000032 1.0662258823244275 -0.0005899654170610
-0.00000033 1.0647546943140314 -0.0005925883272303
-0.00000033 1.0632882575067555 -0.0005952228985034
-0.00000034 1.0621527151392325 -0.0005978691827237
-0.00000035 1.0611418649862672 -0.0006005272319649
-0.00000035 1.0600979929371066 -0.0006031970985322
-0.00000036 1.0592121820164311 -0.0006058788349635
-0.00000037 1.0585565346361323 -0.0006085724940300
-0.00000038 1.0577209660829527 -0.0006112781287378
-0.00000039 1.0568706334751325 -0.0006139957923283
-0.00000039 1.0564025912741528 -0.0006167255382799
-0.00000040 1.0560915828606867 -0.0006194674203085
-0.00000041 1.0556760301534038 -0.0006222214923691
-0.00000042 1.0553363033711800 -0.0006249878086562
-0.00000043 1.0552986273869112 -0.0006277664236054
-0.00000044 1.0552179032918185 -0.0006305573918944
-0.00000045 1.0550052070745737 -0.0006333607684438
-0.00000046 1.0550266455960020 -0.0006361766084184
-0.00000047 1.0552746130405732 -0.0006390049672283
-0.00000048 1.0555324524345919 -0.0006418459005298
-0.00000049 1.0558023808812855 -0.0006446994642269
-0.00000050 1.0562160316872407 -0.0006475657144716
-0.00000051 1.0567077042768627 -0.0006504447076661
-0.00000052 1.0571818606625591 -0.0006533365004630
-0.00000053 1.0577767452214752 -0.0006562411497669
-0.00000054 1.0584838891011383 -0.0006591587127351
-0.00000055 1.0591595405927188 -0.0006620892467794
-0.00000056 1.0600184442076162 -0.0006650328095665
-0.00000057 1.0610147871320730 -0.0006679894590196
-0.00000059 1.0619250356566017 -0.0006709592533194
-0.00000060 1.0630016016027661 -0.0006739422509051
-0.00000061 1.0641957426085535 -0.0006769385104758
-0.00000062 1.0653109972147061 -0.0006799480909915
-0.00000064 1.0665114212070592 -0.0006829710516745
-0.00000065 1.0678466819149885 -0.0006860074520099
-0.00000067 1.0692759921504269 -0.0006890573517478
-0.00000068 1.0707448232464511 -0.0006921208109035
-0.00000069 1.0722178083146097 -0.0006951978897592
-0.00000071 1.0738488312594234 -0.0006982886488651
-0.00000072 1.0756046049090711 -0.0007013931490406
-0.00000074 1.0772336296749994 -0.0007045114513754
-0.00000076 1.0789137250671441 -0.0007076436172309
-0.00000077 1.0808339367508000 -0.0007107897082410
-0.00000079 1.0827690441616595 -0.0007139497863137
-0.00000081 1.0846838738810305 -0.0007171239136324
-0.00000082 1.0867174869016096 -0.0007203121526566
-0.00000084 1.0888249660404647 -0.0007235145661238
-0.00000086 1.0909286628063390 -0.0007267312170499
-0.00000088 1.0931373217783640 -0.0007299621687314
-0.00000090 1.0954135230042921 -0.0007332074847459
-0.00000092 1.0976843244923324 -0.0007364672289537
-0.00000094 1.1000652771320580 -0.0007397414654989
-0.00000096 1.1025358092801816 -0.0007430302588108
-0.00000098 1.1050437641992017 -0.0007463336736051
-0.00000100 1.1075272759232322 -0.0007496517748851
-0.00000102 1.1100931161749514 -0.0007529846279431
-0.00000104 1.1128405063328273 -0.0007563322983615
-0.00000106 1.1155107107000373 -0.0007596948520145
-0.00000109 1.1181770077534385 -0.0007630723550689
-0.00000111 1.1210291169591609 -0.0007664648739856
-0.00000114 1.1239201739767579 -0.0007698724755211
-0.00000116 1.1268293736577912 -0.0007732952267283
-0.00000119 1.1297902365418573 -0.0007767331949586
-0.00000121 1.1327720353872159 -0.0007801864478623
-0.00000124 1.1358375255367121 -0.0007836550533906
-0.00000127 1.1389784659977298 -0.0007871390797970
-0.00000129 1.1421170762603521 -0.0007906385956379
-0.00000132 1.1453150894754174 -0.0007941536697747
-0.00000135 1.1485848669932210 -0.0007976843713749
-0.00000138 1.1518997388267969 -0.0008012307699133
-0.00000141 1.1552790881113539 -0.0008047929351736
-0.00000144 1.1586735019011338 -0.0008083709372496
-0.00000147 1.1621148550109366 -0.0008119648465467
-0.00000151 1.1656156919471883 -0.0008155747337832
-0.00000154 1.1691091941898668 -0.0008192006699917
-0.00000158 1.1726949275376612 -0.0008228427265206
-0.00000161 1.1764160876757952 -0.0008265009750353
-0.00000165 1.1800909819012171 -0.0008301754875198
-0.00000168 1.1837449788583887 -0.0008338663362780
-0.00000172 1.1875275175083866 -0.0008375735939352
-0.00000176 1.1913688505475795 -0.0008412973334394
-0.00000180 1.1951968856666475 -0.0008450376280628
-0.00000184 1.1990989234267262 -0.0008487945514034
-0.00000188 1.2030958586112170 -0.0008525681773862
-0.00000192 1.2070702052308251 -0.0008563585802648
-0.00000196 1.2110702837839395 -0.0008601658346226
-0.00000201 1.2151468994049990 -0.0008639900153747
-0.00000205 1.2192496207414376 -0.0008678311977691
-0.00000210 1.2234424317136221 -0.0008716894573882
-0.00000215 1.2276529207162543 -0.0008755648701501
-0.00000219 1.2318187159864675 -0.0008794575123106
-0.00000224 1.2360879972618279 -0.0008833674604642
-0.00000229 1.2404844297563420 -0.0008872947915459
-0.00000235 1.2448831568679988 -0.0008912395828324
-0.00000240 1.2492287656183052 -0.0008952019119440
-0.00000245 1.2536230193920130 -0.0008991818568459
-0.00000251 1.2581504385718842 -0.0009031794958497
-0.00000257 1.2627112479870453 -0.0009071949076150
-0.00000262 1.2672423738164549 -0.0009112281711510
-0.00000268 1.2718215993514417 -0.0009152793658179
-0.00000274 1.2764741310447332 -0.0009193485713287
-0.00000281 1.2811601731526354 -0.0009234358677505
-0.00000287 1.2858785762604463 -0.0009275413355060
-0.00000294 1.2906481752248229 -0.0009316650553757
-0.00000300 1.2954402376772527 -0.0009358071084987
-0.00000307 1.3002568339995872 -0.0009399675763746
-0.00000314 1.3051309765648813 -0.0009441465408652
-0.00000322 1.3100340977204030 -0.0009483440841963
-0.00000329 1.3149661207232779 -0.0009525602889585
-0.00000336 1.3199660438794845 -0.0009567952381098
-0.00000344 1.3250127735315755 -0.0009610490149766
-0.00000352 1.3300577729865224 -0.0009653217032555
-0.00000360 1.3351188707437156 -0.0009696133870150
-0.00000369 1.3402627036107211 -0.0009739241506970
-0.00000377 1.3454628632839540 -0.0009782540791188
-0.00000386 1.3506502257834898 -0.0009826032574741
-0.00000395 1.3558739109000224 -0.0009869717713355
-0.00000404 1.3611581202582184 -0.0009913597066554
-0.00000413 1.3664679354787321 -0.0009957671497683
-0.00000423 1.3718218550894106 -0.0010001941873920
-0.00000433 1.3772041711568730 -0.0010046409066297
-0.00000443 1.3826077005321786 -0.0010091073949714
-0.00000453 1.3880712123536803 -0.0010135937402957
-0.00000464 1.3935753498535881 -0.0010181000308716
-0.00000475 1.3990916523441252 -0.0010226263553602
-0.00000486 1.4046452509858529 -0.0010271728028164
-0.00000497 1.4102399166063957 -0.0010317394626905
-0.00000509 1.4158689438115513 -0.0010363264248303
-0.00000521 1.4215467262441548 -0.0010409337794826
-0.00000533 1.4272451509378334 -0.0010455616172947
-0.00000546 1.4329598560602705 -0.0010502100293170
-0.00000559 1.4387324005305466 -0.0010548791070038
-0.00000572 1.4445438832161417 -0.0010595689422158
-0.00000586 1.4503707389183467 -0.0010642796272214
-0.00000600 1.4562424400807863 -0.0010690112546989
-0.00000614 1.4621527605522679 -0.0010737639177379
-0.00000628 1.4680858098460430 -0.0010785377098418
-0.00000643 1.4740519900270397 -0.0010833327249286
-0.00000659 1.4800537823117108 -0.0010881490573338
-0.00000675 1.4861001624542909 -0.0010929868018114
-0.00000691 1.4921804590184997 -0.0010978460535361
-0.00000707 1.4982808985227765 -0.0011027269081054
-0.00000724 1.5044122203756558 -0.0011076294615409
-0.00000742 1.5105812875032647 -0.0011125538102905
-0.00000759 1.5167900384214721 -0.0011175000512304
-0.00000778 1.5230361527236120 -0.0011224682816666
-0.00000797 1.5293091454839651 -0.0011274585993372
-0.00000816 1.5356039847785665 -0.0011324711024139
-0.00000836 1.5419344617584281 -0.0011375058895044
-0.00000856 1.5483065631630628 -0.0011425630596536
-0.00000877 1.5547163542672890 -0.0011476427123463
-0.00000898 1.5611540638754275 -0.0011527449475086
-0.00000920 1.5676119903874031 -0.0011578698655102
-0.00000942 1.5741062414294877 -0.0011630175671658
-0.00000965 1.5806401814002227 -0.0011681881537378
-0.00000989 1.5872089436972190 -0.0011733817269376
-0.00001013 1.5938104971693212 -0.0011785983889279
-0.00001038 1.6004347101774612 -0.0011838382423247
-0.00001064 1.6070866879006891 -0.0011891013901990
-0.00001090 1.6137798961432324 -0.0011943879360793
-0.00001117 1.6205088352698740 -0.0011996979839529
-0.00001144 1.6272621037334825 -0.0012050316382686
-0.00001173 1.6340478612332998 -0.0012103890039381
-0.00001202 1.6408675033375544 -0.0012157701863388
-0.00001232 1.6477152896539564 -0.0012211752913148
-0.00001262 1.6545978422795162 -0.0012266044251799
-0.00001294 1.6615120787602424 -0.0012320576947190
-0.00001326 1.6684565456790785 -0.0012375352071905
-0.00001359 1.6754345750683077 -0.0012430370703284
-0.00001393 1.6824401752542517 -0.0012485633923439
-0.00001428 1.6894747166890847 -0.0012541142819279
-0.00001464 1.6965456405000654 -0.0012596898482532
-0.00001501 1.7036487728563277 -0.0012652902009762
-0.00001539 1.7107760029728849 -0.0012709154502391
-0.00001577 1.7179326614110892 -0.0012765657066721
-0.00001617 1.7251246423011650 -0.0012822410813957
-0.00001658 1.7323487600031393 -0.0012879416860224
-0.00001700 1.7396045868944774 -0.0012936676326590
-0.00001744 1.7468912351650121 -0.0012994190339091
-0.00001788 1.7542024320927305 -0.0013051960028745
-0.00001834 1.7615388090909696 -0.0013109986531580
-0.00001881 1.7689149124363948 -0.0013168270988654
-0.00001929 1.7763242321117694 -0.0013226814546074
-0.00001978 1.7837527105666464 -0.0013285618355021
-0.00002029 1.7912167493435320 -0.0013344683571769
-0.00002082 1.7987149246046923 -0.0013404011357711
-0.00002135 1.8062331405443406 -0.0013463602879376
-0.00002191 1.8137820709637942 -0.0013523459308453
-0.00002247 1.8213683111096266 -0.0013583581821816
-0.00002306 1.8289798953644720 -0.0013643971601540
-0.00002366 1.8366146270606443 -0.0013704629834929
-0.00002427 1.8442853469794007 -0.0013765557714535
-0.00002491 1.8519856400673058 -0.0013826756438182
-0.00002556 1.8597085607486104 -0.0013888227208987
-0.00002623 1.8674645120165898 -0.0013949971235383
-0.00002692 1.8752515403800305 -0.0014011989731142
-0.00002762 1.8830627933036803 -0.0014074283915398
-0.00002835 1.8909002605894962 -0.0014136855012668
-0.00002910 1.8987677614897902 -0.0014199704252874
-0.00002987 1.9066643012583389 -0.0014262832871371
-0.00003066 1.9145877856839864 -0.0014326242108965
-0.00003148 1.9225395129231508 -0.0014389933211935
-0.00003232 1.9305180755250504 -0.0014453907432057
-0.00003318 1.9385242223009391 -0.0014518166026630
-0.00003407 1.9465579437057290 -0.0014582710258496
-0.00003498 1.9546170700054810 -0.0014647541396066
-0.00003592 1.9627035453549351 -0.0014712660713338
-0.00003689 1.9708174211470177 -0.0014778069489925
-0.00003788 1.9789572931768540 -0.0014843769011075
-0.00003891 1.9871226475993680 -0.0014909760567698
-0.00003996 1.9953130344647283 -0.0014976045456383
-0.00004105 2.0035297209646989 -0.0015042624979428
-0.00004217 2.0117732560424364 -0.0015109500444860
-0.00004332 2.0200420268389689 -0.0015176673166459
-0.00004450 2.0283344181301133 -0.0015244144463777
-0.00004572 2.0366519076426353 -0.0015311915662169
-0.00004698 2.0449954617553416 -0.0015379988092812
-0.00004827 2.0533605202754042 -0.0015448363092729
-0.00004960 2.0617499105272241 -0.0015517042004812
-0.00005097 2.0701671434995657 -0.0015586026177846
-0.00005239 2.0786054696940557 -0.0015655316966534
-0.00005384 2.0870647932548310 -0.0015724915731517
-0.00005534 2.0955483285900574 -0.0015794823839401
-0.00005689 2.1040550898033841 -0.0015865042662778
-0.00005848 2.1125846056562492 -0.0015935573580247
-0.00006012 2.1211357029802276 -0.0016006417976444
-0.00006181 2.1297082469464654 -0.0016077577242060
-0.00006356 2.1383018477604336 -0.0016149052773868
-0.00006535 2.1469162392494212 -0.0016220845974740
-0.00006720 2.1555515247308690 -0.0016292958253680
-0.00006911 2.1642072769840093 -0.0016365391025839
-0.00007108 2.1728833534463532 -0.0016438145712539
-0.00007311 2.1815783210336264 -0.0016511223741298
-0.00007520 2.1902922359153147 -0.0016584626545855
-0.00007736 2.1990247455468221 -0.0016658355566187
-0.00007959 2.2077751049553074 -0.0016732412248538
-0.00008188 2.2165439799604707 -0.0016806798045439
-0.00008425 2.2253309086652111 -0.0016881514415726
-0.00008669 2.2341344926043285 -0.0016956562824569
-0.00008922 2.2429533891880546 -0.0017031944743494
-0.00009182 2.2517877123727725 -0.0017107661650402
-0.00009450 2.2606388360459331 -0.0017183715029594
-0.00009727 2.2695055444973682 -0.0017260106371792
-0.00010013 2.2783858690804206 -0.0017336837174159
-0.00010308 2.2872795339780763 -0.0017413908940323
-0.00010613 2.2961860536237242 -0.0017491323180398
-0.00010928 2.3051060894510540 -0.0017569081411003
-0.00011253 2.3140387550506287 -0.0017647185155282
-0.00011588 2.3229825768958459 -0.0017725635942928
-0.00011935 2.3319374768456482 -0.0017804435310199
-0.00012293 2.3409024352630907 -0.0017883584799948
-0.00012662 2.3498769941206135 -0.0017963085961633
-0.00013044 2.3588604943490652 -0.0018042940351336
-0.00013439 2.3678520912238690 -0.0018123149531792
-0.00013847 2.3768515855363601 -0.0018203715072397
-0.00014268 2.3858580195479275 -0.0018284638549235
-0.00014704 2.3948701127924168 -0.0018365921545089
-0.00015154 2.4038874659540830 -0.0018447565649465
-0.00015619 2.4129099301400427 -0.0018529572458604
-0.00016101 2.4219359787160646 -0.0018611943575502
-0.00016598 2.4309644826327990 -0.0018694680609925
-0.00017113 2.4399954947034370 -0.0018777785178424
-0.00017645 2.4490274422279499 -0.0018861258904352
-0.00018196 2.4580593734637284 -0.0018945103417879
-0.00018765 2.4670913920586757 -0.0019029320356002
-0.00019355 2.4761216360408853 -0.0019113911362564
-0.00019964 2.4851488255828555 -0.0019198878088263
-0.00020596 2.4941726658489012 -0.0019284222190663
-0.00021249 2.5031920158425938 -0.0019369945334207
-0.00021925 2.5122058828705525 -0.0019456049190223
-0.00022625 2.5212130114777893 -0.0019542535436943
-0.00023350 2.5302120771840850 -0.0019629405759506
-0.00024101 2.5392024873606389 -0.0019716661849959
-0.00024878 2.5481827229409686 -0.0019804305407276
-0.00025684 2.5571515186824039 -0.0019892338137356
-0.00026518 2.5661083027061911 -0.0019980761753027
-0.00027383 2.5750512539533799 -0.0020069577974052
-0.00028279 2.5839787809584371 -0.0020158788527126
-0.00029207 2.5928902245294849 -0.0020248395145884
-0.00030170 2.6017841679716929 -0.0020338399570899
-0.00031168 2.6106586293005152 -0.0020428803549673
-0.00032203 2.6195127130568063 -0.0020519608836639
-0.00033276 2.6283452619139704 -0.0020610817193153
-0.00034389 2.6371542946807578 -0.0020702430387489
-0.00035543 2.6459382982140900 -0.0020794450194830
-0.00036741 2.6546956518928808 -0.0020886878397256
-0.00037984 2.6634249578508502 -0.0020979716783728
-0.00039274 2.6721247088996534 -0.0021072967150073
-0.00040614 2.6807930019882602 -0.0021166631298972
-0.00042004 2.6894281648704341 -0.0021260711039937
-0.00043448 2.6980282244302560 -0.0021355208189282
-0.00044947 2.7065915556464866 -0.0021450124570107
-0.00046504 2.7151166110682468 -0.0021545462012281
-0.00048122 2.7236010703047957 -0.0021641222352390
-0.00049803 2.7320430001070397 -0.0021737407433708
-0.00051550 2.7404405841745940 -0.0021834019106168
-0.00053365 2.7487916218732984 -0.0021931059226309
-0.00055253 2.7570941656812562 -0.0022028529657241
-0.00057216 2.7653460952066569 -0.0022126432268595
-0.00059257 2.7735449845643010 -0.0022224768936469
-0.00061380 2.7816886476954008 -0.0022323541543373
-0.00063589 2.7897749645114751 -0.0022422751978168
-0.00065887 2.7978015184707181 -0.0022522402135998
-0.00068280 2.8057658200450364 -0.0022622493918219
-0.00070770 2.8136653028342149 -0.0022723029232321
-0.00073362 2.8214974464805311 -0.0022824009991850
-0.00076062 2.8292598877458159 -0.0022925438116314
-0.00078875 2.8369498215437270 -0.0023027315531092
-0.00081805 2.8445643652800201 -0.0023129644167330
-0.00084857 2.8521008919717499 -0.0023232425961834
-0.00088039 2.8595565742265943 -0.0023335662856950
-0.00091357 2.8669284614075838 -0.0023439356800444
-0.00094815 2.8742134642055577 -0.0023543509745366
-0.00098422 2.8814085480380474 -0.0023648123649907
-0.00102185 2.8885106452019147 -0.0023753200477250
-0.00106112 2.8955164456233762 -0.0023858742195406
-0.00110209 2.9024227163130654 -0.0023964750777043
-0.00114486 2.9092260768132281 -0.0024071228199299
-0.00118952 2.9159230588617753 -0.0024178176443592
-0.00123617 2.9225101627598118 -0.0024285597495402
-0.00128489 2.9289836547489925 -0.0024393493344057
-0.00133580 2.9353399203572308 -0.0024501865982491
-0.00138901 2.9415752914270121 -0.0024610717406993
-0.00144464 2.9476857364141087 -0.0024720049616939
-0.00150281 2.9536672406828188 -0.0024829864614505
-0.00156365 2.9595158294464015 -0.0024940164404363
-0.00162731 2.9652273605526447 -0.0025050950993358
-0.00169393 2.9707975643289757 -0.0025162226390160
-0.00176366 2.9762220564523982 -0.0025273992604902
-0.00183668 2.9814963767921010 -0.0025386251648788
-0.00191317 2.9866159790409683 -0.0025499005533672
-0.00199330 2.9915762036839739 -0.0025612256271625
-0.00207728 2.9963722515635300 -0.0025726005874458
-0.00216531 3.0009992171100617 -0.0025840256353223
-0.00225763 3.0054521538042347 -0.0025955009717680
-0.00235447 3.0097259785152328 -0.0026070267975731
-0.00245608 3.0138153915498909 -0.0026186033132812
-0.00256273 3.0177149896483089 -0.0026302307191254
-0.00267471 3.0214193664729332 -0.0026419092149592
-0.00279233 3.0249229485264943 -0.0026536390001840
-0.00291590 3.0282199460766934 -0.0026654202736714
-0.00304577 3.0313044827972968 -0.0026772532336796
-0.00318231 3.0341705888758126 -0.0026891380777662
-0.00332592 3.0368121473201919 -0.0027010750026926
-0.00347701 3.0392228753148123 -0.0027130642043248
-0.00363603 3.0413963353888125 -0.0027251058775259
-0.00380346 3.0433259741846874 -0.0027372002160417
-0.00397981 3.0450050876203307 -0.0027493474123789
-0.00416563 3.0464267925604052 -0.0027615476576751
-0.00436149 3.0475840940683447 -0.0027738011415592
-0.00456803 3.0484698240473325 -0.0027861080520039
-0.00478592 3.0490766236674909 -0.0027984685751662
-0.00501586 3.0493970007315108 -0.0028108828952184
-0.00525864 3.0494232963926371 -0.0028233511941664
-0.00551507 3.0491476760095049 -0.0028358736516564
-0.00578604 3.0485621226656323 -0.0028484504447667
-0.00607251 3.0476584438162297 -0.0028610817477863
-0.00637549 3.0464282748191605 -0.0028737677319766
-0.00669608 3.0448630709073399 -0.0028865085653171
-0.00703547 3.0429540996117681 -0.0028993044122318
-0.00739493 3.0406924221564720 -0.0029121554332971
-0.00777583 3.0380689140222739 -0.0029250617849274
-0.00817965 3.0350742645315525 -0.0029380236190382
-0.00860798 3.0316989540671728 -0.0029510410826845
-0.00906256 3.0279332579470690 -0.0029641143176721
-0.00954523 3.0237672516494656 -0.0029772434601395
-0.01005802 3.0191908029943502 -0.0029904286401099
-0.01060310 3.0141935534081234 -0.0030036699810073
-0.01118282 3.0087649300256860 -0.0030169675991368
-0.01179975 3.0028941576596000 -0.0030303216031248
-0.01245666 2.9965702304678459 -0.0030437320933159
-0.01315654 2.9897819085189523 -0.0030571991611219
-0.01390267 2.9825177365499638 -0.0030707228883209
-0.01469861 2.9747660300341119 -0.0030843033462995
-0.01554821 2.9665148659212535 -0.0030979405952354
-0.01645568 2.9577520919165723 -0.0031116346832135
-0.01742561 2.9484653175178832 -0.0031253856452701
-0.01846300 2.9386419166403766 -0.0031391935023595
-0.01957333 2.9282690344712115 -0.0031530582602341
-0.02076257 2.9173335662858877 -0.0031669799082319
-0.02203724 2.9058221666180599 -0.0031809584179618
-0.02340450 2.8937212631138118 -0.0031949937418774
-0.02487221 2.8810170407084210 -0.0032090858117284
-0.02644898 2.8676954457666919 -0.0032232345368792
-0.02814425 2.8537421948524604 -0.0032374398024798
-0.02996844 2.8391427731074876 -0.0032517014674772
-0.03193300 2.8238824354799119 -0.0032660193624489
-0.03405054 2.8079462178605055 -0.0032803932872442
-0.03633500 2.7913189425409497 -0.0032948230084115
-0.03880177 2.7739852195800720 -0.0033093082563905
-0.04146786 2.7559294600382804 -0.0033238487224479
-0.04435211 2.7371358867053193 -0.0033384440553264
-0.04747542 2.7175885458877183 -0.0033530938575812
-0.05086101 2.6972713207479884 -0.0033677976815692
-0.05453463 2.6761679475722833 -0.0033825550250555
-0.05852504 2.6542620377440689 -0.0033973653263970
-0.06286422 2.6315370969354857 -0.0034122279592566
-0.06758788 2.6079765505293659 -0.0034271422268000
-0.07273598 2.5835637748943197 -0.0034421073553167
-0.07835324 2.5582821288183695 -0.0034571224872047
-0.08448976 2.5321149905853826 -0.0034721866732476
-0.09120183 2.5050458017949491 -0.0034872988641066
-0.09855275 2.4770581164243985 -0.0035024579009410
-0.10661385 2.4481356553917890 -0.0035176625050584
-0.11546559 2.4182623685999021 -0.0035329112664870
-0.12519889 2.3874225064821530 -0.0035482026313493
-0.13591672 2.3556007002193229 -0.0035635348878997
-0.14773581 2.3227820516780495 -0.0035789061510780
-0.16078877 2.2889522362143611 -0.0035943143454079
-0.17522656 2.2540976183953099 -0.0036097571860555
-0.19122128 2.2182053820900007 -0.0036252321578391
-0.20896948 2.1812636781007209 -0.0036407364919610
-0.22869624 2.1432617903147699 -0.0036562671402073
-0.25065941 2.1041903224286718 -0.0036718207463364
-0.27515520 2.0640414093038282 -0.0036873936143500
-0.30252482 2.0228089548862207 -0.0037029816733151
-0.33316160 1.9804888988456402 -0.0037185804383772
-0.36751973 1.9370795170778008 -0.0037341849675812
-0.40612542 1.8925817595034415 -0.0037497898140968
-0.44958884 1.8469996280976704 -0.0037653889734285
-0.49861892 1.8003406003089162 -0.0037809758251892
-0.55404099 1.7526161024230056 -0.0037965430690270
-0.61681778 1.7038420368531464 -0.0038120826543282
-0.68807360 1.6540393678871737 -0.0038275857033848
-0.76912388 1.6032347702017968 -0.0038430424278269
-0.86151054 1.5514613432020163 -0.0038584420382823
-0.96704195 1.4987593931760206 -0.0038737726474761
-1.08784151 1.4451772838781480 -0.0038890211673298
-1.22640658 1.3907723528995919 -0.0039041732010975
-1.38567324 1.3356118872916127 -0.0039192129322251
-1.56909297 1.2797741471181927 -0.0039341230124685
-1.78072468 1.2233494182191138 -0.0039488844529079
-2.02533587 1.1664410661973894 -0.0039634765228766
-2.30851779 1.1091665522511063 -0.0039778766635240
-2.63680770 1.0516583572195253 -0.0039920604247608
-3.01782999 0.9940647433476621 -0.0040060014366422
-3.46043245 0.9365502642066126 -0.0040196714287611
-3.97481897 0.8792959133093846 -0.0040330403137146
-4.57267335 0.8224987827212015 -0.0040460763528890
-5.26724325 0.7663710878160188 -0.0040587464241329
-6.07335952 0.7111384078813808 -0.0040710164107159
-7.00739083 0.6570370001468375 -0.0040828517284212
-8.08705442 0.6043100737425025 -0.0040942180018083
-9.33105386 0.5532029666121170 -0.0041050818907691
-10.75857117 0.5039572564271568 -0.0041154120541222
-12.38845728 0.4568039554854851 -0.0041251802185172
-14.23824327 0.4119560811367122 -0.0041343622999449
-16.32293826 0.3696010394705441 -0.0041429395046130
-18.65355703 0.3298933839946088 -0.0041508993200547
-21.23570682 0.2929485808158913 -0.0041582363008065
-24.06819747 0.2588383986036997 -0.0041649525597566
-27.14181948 0.2275884293465405 -0.0041710578981114
-30.43857802 0.1991780406612602 -0.0041765695421111
-33.93143186 0.1735427925348695 -0.0041815114977886
-37.58474514 0.1505790702445374 -0.0041859135782503
-41.35548868 0.1301504455916160 -0.0041898101927611
-45.19491747 0.1120951248142292 -0.0041932390069798
-49.05087876 0.0962337950012100 -0.0041962395864273
-52.87061585 0.0823772363048414 -0.0041988521222674
-56.60332109 0.0703331981881995 -0.0042011163144547
-60.20265359 0.0599122071254765 -0.0042030704584206
-63.62897139 0.0509321447157354 -0.0042047507533534
-66.85063371 0.0432215822485872 -0.0042061908268438
-69.84453897 0.0366219660765766 -0.0042074214541860
-72.59644913 0.0309888146951319 -0.0042084704411303
-75.10044153 0.0261921181177787 -0.0042093626353695
-77.35766772 0.0221161318951627 -0.0042101200329152
-79.37527073 0.0186587416395630 -0.0042107619491643
-81.16497384 0.0157305476693628 -0.0042113052294590
-82.74185043 0.0132537898132211 -0.0042117644792965
-84.12291993 0.0111612037668470 -0.0042121522993776
-85.32627866 0.0093948749887973 -0.0042124795150583
-86.37017591 0.0079051351254880 -0.0042127553933238
-87.27231131 0.0066495293109838 -0.0042129878431896
-88.04965063 0.0055918702239303 -0.0042131835974779
-88.71761507 0.0047013856992812 -0.0042133483753880
-89.29048216 0.0039519605360295 -0.0042134870262653
-89.78131855 0.0033214689416677 -0.0042136036555977
-90.20140247 0.0027911915247580 -0.0042137017346287
-90.56074946 0.0023453097051251 -0.0042137841951456
-90.86824782 0.0019704696349874 -0.0042138535110469
-91.13152447 0.0016554075887292 -0.0042139117682450
-91.35713498 0.0013906295428154 -0.0042139607243730
-91.55083383 0.0011681379453564 -0.0042140018596392
-91.71741672 0.0009811991549274 -0.0042140364200419
-91.86110684 0.0008241462007860 -0.0042140654540201
-91.98547092 0.0006922114831036 -0.0042140898434880
-92.09343548 0.0005813850633722 -0.0042141103300775
-92.18762189 0.0004882954389417 -0.0042141275373041
-92.27016243 0.0004101084634412 -0.0042141419892710
-92.34291717 0.0003444422029475 -0.0042141541264396
-92.40743992 0.0002892952112549 -0.0042141643189183
-92.46499579 0.0002429854187771 -0.0042141728776520
-92.51667284 0.0002041004450482 -0.0042141800638407
-92.56351871 0.0001714549298093 -0.0042141860968632
-92.60619766 0.0001440518796642 -0.0042141911609399
-92.64536070 0.0001210546088586 -0.0042141954107349
-92.68163831 0.0001017619047825 -0.0042141989760622
-92.71538602 0.0000855837802401 -0.0042142019658398
-92.74711859 0.0000720275147788 -0.0042142044714080
-92.77718133 0.0000606794610981 -0.0042142065693145
-92.80570261 0.0000511901788914 -0.0042142083236484
-92.83298189 0.0000432703549412 -0.0042142097879955
-92.85926670 0.0000366790701862 -0.0042142110070725
-92.88467390 0.0000312138882948 -0.0042142120180913
-92.90937941 0.0000267076355282 -0.0042142128518936
-92.93346802 0.0000230225045563 -0.0042142135338909
-92.95704603 0.0000200459377597 -0.0042142140848385
-92.98021592 0.0000176874573094 -0.0042142145214662
-93.00302098 0.0000158751706801 -0.0042142148569865
-93.02551515 0.0000145543622545 -0.0042142151014933
-93.04780087 0.0000136846703161 -0.0042142152622657
-93.06987370 0.0000132457333794 -0.0042142153439836
