-0.00000001 14.1729440691213089 -0.0002529943212724
-0.00000001 13.9662570802124346 -0.0002541191017514
-0.00000001 13.7505024914323553 -0.0002552488828608
-0.00000001 13.5373162839413830 -0.0002563836868327
-0.00000001 13.3292577614768657 -0.0002575235359981
-0.00000001 13.1245035659060907 -0.0002586684527873
-0.00000001 12.9331019832270098 -0.0002598184597303
-0.00000001 12.7391147255676245 -0.0002609735794573
-0.00000001 12.5445882066227163 -0.0002621338346990
-0.00000001 12.3535248341111892 -0.0002632992482873
-0.00000001 12.1605486870191672 -0.0002644698431555
-0.00000001 11.9782185692360486 -0.0002656456423390
-0.00000001 11.8002979700807451 -0.0002668266689754
-0.00000001 11.6214378907181324 -0.0002680129463054
-0.00000001 11.4436851140384643 -0.0002692044976728
-0.00000001 11.2690745639599381 -0.0002704013465253
-0.00000001 11.1015152170980489 -0.0002716035164149
-0.00000001 10.9305735562709625 -0.0002728110309982
-0.00000001 10.7608374412214438 -0.0002740239140371
-0.00000001 10.6018388567139006 -0.0002752421893989
-0.00000001 10.4458313750293321 -0.0002764658810573
-0.00000001 10.2858822402049892 -0.0002776950130925
-0.00000001 10.1244062921489260 -0.0002789296096915
-0.00000001 9.9752253815725620 -0.0002801696951493
-0.00000001 9.8322934462992713 -0.0002814152938685
-0.00000001 9.6767217204315763 -0.0002826664303604
-0.00000001 9.5258691600659464 -0.0002839231292452
-0.00000001 9.3859513935236460 -0.0002851854152526
-0.00000001 9.2440448079118660 -0.0002864533132223
-0.00000001 9.1103380922792816 -0.0002877268481042
-0.00000001 8.9698171251692020 -0.0002890060449593
-0.00000001 8.8249058847272686 -0.0002902909289602
-0.00000001 8.6989842468070258 -0.0002915815253910
-0.00000001 8.5728859906983228 -0.0002928778596485
-0.00000001 8.4421365207027161 -0.0002941799572424
-0.00000001 8.3143153764102937 -0.0002954878437956
-0.00000001 8.1871225231899860 -0.0002968015450452
-0.00000001 8.0632753551645990 -0.0002981210868426
-0.00000001 7.9446990610652497 -0.0002994464951540
-0.00000001 7.8284231510907825 -0.0003007777960612
-0.00000001 7.7090949192561444 -0.0003021150157619
-0.00000001 7.5898098902285867 -0.0003034581805704
-0.00000001 7.4753060153009887 -0.0003048073169178
-0.00000001 7.3677404225411776 -0.0003061624513528
-0.00000001 7.2602216879798371 -0.0003075236105421
-0.00000001 7.1505782795737511 -0.0003088908212710
-0.00000001 7.0458833168693316 -0.0003102641104439
-0.00000001 6.9371798035889594 -0.0003116435050846
-0.00000001 6.8273585442858558 -0.0003130290323374
-0.00000001 6.7306688048122432 -0.0003144207194671
-0.00000001 6.6360599266527904 -0.0003158185938596
-0.00000001 6.5333342943562744 -0.0003172226830227
-0.00000001 6.4357477937259047 -0.0003186330145865
-0.00000001 6.3463367652676581 -0.0003200496163038
-0.00000001 6.2488886810004720 -0.0003214725160510
-0.00000001 6.1497444887283477 -0.0003229017418283
-0.00000001 6.0631435802842297 -0.0003243373217604
-0.00000002 5.9777369845242161 -0.0003257792840971
-0.00000002 5.8868949217792963 -0.0003272276572136
-0.00000002 5.7991036966992402 -0.0003286824696114
-0.00000002 5.7169982216186312 -0.0003301437499189
-0.00000002 5.6333324913871676 -0.0003316115268913
-0.00000002 5.5477287900144239 -0.0003330858294122
-0.00000002 5.4674856247300827 -0.0003345666864932
-0.00000002 5.3870858517964475 -0.0003360541272750
-0.00000002 5.3081733010434791 -0.0003375481810279
-0.00000002 5.2360878755433626 -0.0003390488771523
-0.00000002 5.1579191415278460 -0.0003405562451793
-0.00000002 5.0766069651797201 -0.0003420703147713
-0.00000002 5.0042500780657013 -0.0003435911157227
-0.00000002 4.9347572822999330 -0.0003451186779601
-0.00000002 4.8648987598024656 -0.0003466530315433
-0.00000002 4.7955698945065430 -0.0003481942066658
-0.00000002 4.7250290343537049 -0.0003497422336553
-0.00000002 4.6563249825183091 -0.0003512971429741
-0.00000002 4.5902594287891292 -0.0003528589652204
-0.00000002 4.5244258168174039 -0.0003544277311280
-0.00000002 4.4587788750857777 -0.0003560034715675
-0.00000002 4.3959382508576503 -0.0003575862175468
-0.00000002 4.3352100681519703 -0.0003591760002116
-0.00000002 4.2714006235204618 -0.0003607728508460
-0.00000002 4.2088660717050956 -0.0003623768008734
-0.00000002 4.1526437467496002 -0.0003639878818567
-0.00000003 4.0970537492594357 -0.0003656061254992
-0.00000003 4.0370096477764621 -0.0003672315636451
-0.00000003 3.9767442434290365 -0.0003688642282802
-0.00000003 3.9229433770815429 -0.0003705041515325
-0.00000003 3.8708750675677601 -0.0003721513656730
-0.00000003 3.8162415412166943 -0.0003738059031158
-0.00000003 3.7613607097731099 -0.0003754677964195
-0.00000003 3.7100648198445763 -0.0003771370782873
-0.00000003 3.6616878147835346 -0.0003788137815676
-0.00000003 3.6101424324923457 -0.0003804979392551
-0.00000003 3.5587114794776338 -0.0003821895844912
-0.00000003 3.5111295626222239 -0.0003838887505644
-0.00000003 3.4640963486726086 -0.0003855954709114
-0.00000003 3.4159890293129926 -0.0003873097791175
-0.00000003 3.3693016153825854 -0.0003890317089173
-0.00000003 3.3254316710163989 -0.0003907612941953
-0.00000003 3.2800672634233417 -0.0003924985689869
-0.00000004 3.2342137011296477 -0.0003942435674785
-0.00000004 3.1935766417394822 -0.0003959963240087
-0.00000004 3.1532343970892294 -0.0003977568730688
-0.00000004 3.1089159995361264 -0.0003995252493031
-0.00000004 3.0665412757816202 -0.0004013014875104
-0.00000004 3.0272127784918288 -0.0004030856226438
-0.00000004 2.9885416608736257 -0.0004048776898120
-0.00000004 2.9505861311247896 -0.0004066777242799
-0.00000004 2.9111112849949503 -0.0004084857614689
-0.00000004 2.8720996806964294 -0.0004103018369580
-0.00000004 2.8367335471494619 -0.0004121259864845
-0.00000004 2.8012976611318754 -0.0004139582459444
-0.00000005 2.7652709488734297 -0.0004157986513934
-0.00000005 2.7301731586708220 -0.0004176472390475
-0.00000005 2.6951314358571525 -0.0004195040452836
-0.00000005 2.6604082356306189 -0.0004213691066403
-0.00000005 2.6271038575890522 -0.0004232424598190
-0.00000005 2.5967526479637821 -0.0004251241416838
-0.00000005 2.5662237354540967 -0.0004270141892630
-0.00000005 2.5324302713284235 -0.0004289126397493
-0.00000005 2.5002641357036151 -0.0004308195305010
-0.00000005 2.4712861111927760 -0.0004327348990424
-0.00000005 2.4415579687042195 -0.0004346587830644
-0.00000006 2.4115935038960319 -0.0004365912204258
-0.00000006 2.3830965570194160 -0.0004385322491535
-0.00000006 2.3557045930202429 -0.0004404819074436
-0.00000006 2.3277125586764491 -0.0004424402336619
-0.00000006 2.2997650063117114 -0.0004444072663447
-0.00000006 2.2738006340500312 -0.0004463830441999
-0.00000006 2.2475118520552799 -0.0004483676061073
-0.00000006 2.2208583991141113 -0.0004503609911195
-0.00000007 2.1961578282762533 -0.0004523632384628
-0.00000007 2.1725954973698807 -0.0004543743875379
-0.00000007 2.1484100774117745 -0.0004563944779207
-0.00000007 2.1231678024959986 -0.0004584235493630
-0.00000007 2.0990846214079886 -0.0004604616417932
-0.00000007 2.0769510450373248 -0.0004625087953175
-0.00000007 2.0549852036088332 -0.0004645650502201
-0.00000008 2.0328331995758031 -0.0004666304469646
-0.00000008 2.0104326928268161 -0.0004687050261942
-0.00000008 1.9890913112635165 -0.0004707888287331
-0.00000008 1.9692269120335917 -0.0004728818955867
-0.00000008 1.9482751331853017 -0.0004749842679427
-0.00000008 1.9272515542567548 -0.0004770959871722
-0.00000009 1.9082665086501343 -0.0004792170948301
-0.00000009 1.8893875922115386 -0.0004813476326559
-0.00000009 1.8698281989572900 -0.0004834876425748
-0.00000009 1.8512590962022717 -0.0004856371666983
-0.00000009 1.8338905082294314 -0.0004877962473253
-0.00000009 1.8161993267739014 -0.0004899649269425
-0.00000010 1.7978024596058080 -0.0004921432482257
-0.00000010 1.7803202535714155 -0.0004943312540403
-0.00000010 1.7640768397909015 -0.0004965289874424
-0.00000010 1.7480244431508063 -0.0004987364916793
-0.00000010 1.7319511415998190 -0.0005009538101908
-0.00000011 1.7159904171616003 -0.0005031809866097
-0.00000011 1.7002283012573867 -0.0005054180647628
-0.00000011 1.6855250087724820 -0.0005076650886717
-0.00000011 1.6713514488788686 -0.0005099221025539
-0.00000012 1.6561924824247625 -0.0005121891508231
-0.00000012 1.6414679832677770 -0.0005144662780909
-0.00000012 1.6277623631653020 -0.0005167535291670
-0.00000012 1.6141701386085443 -0.0005190509490602
-0.00000013 1.6013078220738790 -0.0005213585829797
-0.00000013 1.5888121461554179 -0.0005236764763353
-0.00000013 1.5756658755377926 -0.0005260046747391
-0.00000013 1.5626037564723769 -0.0005283432240057
-0.00000014 1.5509206679293541 -0.0005306921701535
-0.00000014 1.5394173791613519 -0.0005330515594053
-0.00000014 1.5273914059011116 -0.0005354214381897
-0.00000014 1.5160726846658483 -0.0005378018531415
-0.00000015 1.5051215915474898 -0.0005401928511029
-0.00000015 1.4940545630677189 -0.0005425944791243
-0.00000015 1.4834768030145171 -0.0005450067844652
-0.00000016 1.4730541327446220 -0.0005474298145954
-0.00000016 1.4629165154704118 -0.0005498636171956
-0.00000016 1.4537382948744098 -0.0005523082401585
-0.00000017 1.4438038264916027 -0.0005547637315898
-0.00000017 1.4338351490303780 -0.0005572301398088
-0.00000017 1.4252724594462451 -0.0005597075133499
-0.00000018 1.4163716753656230 -0.0005621959009632
-0.00000018 1.4074704219296394 -0.0005646953516155
-0.00000019 1.3992006197002866 -0.0005672059144912
-0.00000019 1.3908826234142464 -0.0005697276389935
-0.00000019 1.3827057221332892 -0.0005722605747452
-0.00000020 1.3750047755414530 -0.0005748047715896
-0.00000020 1.3675933480678846 -0.0005773602795918
-0.00000021 1.3600935328335235 -0.0005799271490391
-0.00000021 1.3526473324307877 -0.0005825054304428
-0.00000021 1.3456411443901488 -0.0005850951745386
-0.00000022 1.3391177504611989 -0.0005876964322875
-0.00000022 1.3322880131181409 -0.0005903092548774
-0.00000023 1.3254879863219453 -0.0005929336937235
-0.00000023 1.3196914252863312 -0.0005955698004699
-0.00000024 1.3138239293841107 -0.0005982176269899
-0.00000024 1.3076187110090389 -0.0006008772253877
-0.00000025 1.3019342553419975 -0.0006035486479991
-0.00000025 1.2965258394445178 -0.0006062319473923
-0.00000026 1.2910027936955122 -0.0006089271763694
-0.00000026 1.2857087276876746 -0.0006116343879674
-0.00000027 1.2811358244861377 -0.0006143536354589
-0.00000028 1.2766084449976343 -0.0006170849723532
-0.00000028 1.2713757825151775 -0.0006198284523977
-0.00000029 1.2664458331500208 -0.0006225841295786
-0.00000029 1.2626442263373630 -0.0006253520581222
-0.00000030 1.2587225094114727 -0.0006281322924958
-0.00000031 1.2542397114141270 -0.0006309248874089
-0.00000031 1.2503650489742792 -0.0006337298978141
-0.00000032 1.2469053219170967 -0.0006365473789085
-0.00000033 1.2433192777592827 -0.0006393773861343
-0.00000033 1.2399721525171801 -0.0006422199751803
-0.00000034 1.2365545340068871 -0.0006450752019831
-0.00000035 1.2331273534655427 -0.0006479431227275
-0.00000035 1.2302927415356624 -0.0006508237938484
-0.00000036 1.2275098341182968 -0.0006537172720315
-0.00000037 1.2247369096060099 -0.0006566236142145
-0.00000038 1.2222793949703550 -0.0006595428775882
-0.00000038 1.2196806342766797 -0.0006624751195977
-0.00000039 1.2172862945061149 -0.0006654203979433
-0.00000040 1.2153160982363937 -0.0006683787705820
-0.00000041 1.2131611045252724 -0.0006713502957284
-0.00000042 1.2111469713400638 -0.0006743350318558
-0.00000043 1.2093480825661058 -0.0006773330376974
-0.00000044 1.2074351814148534 -0.0006803443722477
-0.00000045 1.2061018797858134 -0.0006833690947633
-0.00000046 1.2050426839368553 -0.0006864072647643
-0.00000047 1.2033545990007535 -0.0006894589420353
-0.00000048 1.2018381035471575 -0.0006925241866266
-0.00000049 1.2009984111885237 -0.0006956030588558
-0.00000050 1.2000872926400601 -0.0006986956193081
-0.00000051 1.1991147080214233 -0.0007018019288386
-0.00000052 1.1983818099545653 -0.0007049220485723
-0.00000053 1.1977140015417573 -0.0007080560399065
-0.00000054 1.1971278364061604 -0.0007112039645111
-0.00000055 1.1966924345876304 -0.0007143658843302
-0.00000056 1.1962970387770588 -0.0007175418615832
-0.00000058 1.1960227739925542 -0.0007207319587662
-0.00000059 1.1959369506230508 -0.0007239362386531
-0.00000060 1.1959669746828228 -0.0007271547642967
-0.00000062 1.1961197799065226 -0.0007303875990303
-0.00000063 1.1961335389183607 -0.0007336348064686
-0.00000064 1.1962549335655048 -0.0007368964505091
-0.00000066 1.1967927426732121 -0.0007401725953332
-0.00000067 1.1972316522575153 -0.0007434633054078
-0.00000069 1.1976959661143503 -0.0007467686454863
-0.00000070 1.1983935299277726 -0.0007500886806099
-0.00000072 1.1990653718052742 -0.0007534234761089
-0.00000073 1.1998554155261192 -0.0007567730976041
-0.00000075 1.2007854926355306 -0.0007601376110078
-0.00000076 1.2017668005025355 -0.0007635170825255
-0.00000078 1.2028689973156232 -0.0007669115786568
-0.00000080 1.2040372588895958 -0.0007703211661970
-0.00000081 1.2051929382694588 -0.0007737459122383
-0.00000083 1.2064896743238414 -0.0007771858841711
-0.00000085 1.2079787219353986 -0.0007806411496853
-0.00000087 1.2094703773689286 -0.0007841117767718
-0.00000089 1.2109958376544485 -0.0007875978337235
-0.00000091 1.2126566635502896 -0.0007910993891370
-0.00000093 1.2144137971471303 -0.0007946165119139
-0.00000095 1.2161900140501523 -0.0007981492712618
-0.00000097 1.2179964014965816 -0.0008016977366961
-0.00000099 1.2199434124747386 -0.0008052619780411
-0.00000101 1.2220916228130820 -0.0008088420654315
-0.00000104 1.2242335243690432 -0.0008124380693137
-0.00000106 1.2262678304676999 -0.0008160500604471
-0.00000108 1.2284804673100436 -0.0008196781099060
-0.00000111 1.2308794409399400 -0.0008233222890800
-0.00000113 1.2332299168546879 -0.0008269826696765
-0.00000116 1.2356829357717090 -0.0008306593237213
-0.00000118 1.2383216898061877 -0.0008343523235605
-0.00000121 1.2408641503070612 -0.0008380617418617
-0.00000124 1.2434390186854698 -0.0008417876516154
-0.00000126 1.2462038890222564 -0.0008455301261366
-0.00000129 1.2490222514444760 -0.0008492892390660
-0.00000132 1.2519262390755730 -0.0008530650643718
-0.00000135 1.2548289644936865 -0.0008568576763507
-0.00000138 1.2577088034846673 -0.0008606671496297
-0.00000141 1.2607662537568503 -0.0008644935591675
-0.00000145 1.2640021192470716 -0.0008683369802560
-0.00000148 1.2672272827954669 -0.0008721974885214
-0.00000151 1.2703517333481087 -0.0008760751599264
-0.00000155 1.2735630220900933 -0.0008799700707710
-0.00000158 1.2770125326124808 -0.0008838822976943
-0.00000162 1.2805052808862551 -0.0008878119176762
-0.00000165 1.2839224320796956 -0.0008917590080384
-0.00000169 1.2874058137689242 -0.0008957236464464
-0.00000173 1.2910405680425765 -0.0008997059109109
-0.00000177 1.2947093162891234 -0.0009037058797889
-0.00000181 1.2983609542969212 -0.0009077236317861
-0.00000185 1.3021557670895361 -0.0009117592459576
-0.00000189 1.3060208566671552 -0.0009158128017098
-0.00000194 1.3098434126885987 -0.0009198843788022
-0.00000198 1.3137551278734512 -0.0009239740573484
-0.00000203 1.3177619612997384 -0.0009280819178182
-0.00000207 1.3217795029171928 -0.0009322080410389
-0.00000212 1.3258775551280952 -0.0009363525081969
-0.00000217 1.3300691566591363 -0.0009405154008395
-0.00000222 1.3342378787865115 -0.0009446968008760
-0.00000227 1.3384133187318776 -0.0009488967905800
-0.00000232 1.3427358925414223 -0.0009531154525904
-0.00000238 1.3471538670051626 -0.0009573528699135
-0.00000243 1.3515322663048204 -0.0009616091259240
-0.00000249 1.3559469385127976 -0.0009658843043676
-0.00000254 1.3604507596910398 -0.0009701784893614
-0.00000260 1.3649985069014809 -0.0009744917653969
-0.00000266 1.3696029980094051 -0.0009788242173403
-0.00000273 1.3742417454768689 -0.0009831759304354
-0.00000279 1.3789264679940985 -0.0009875469903042
-0.00000285 1.3836873073706260 -0.0009919374829496
-0.00000292 1.3884814643268322 -0.0009963474947561
-0.00000299 1.3932984793426477 -0.0010007771124920
-0.00000306 1.3981746222629345 -0.0010052264233113
-0.00000313 1.4030949057143376 -0.0010096955147549
-0.00000321 1.4080675799247528 -0.0010141844747526
-0.00000328 1.4131319715846291 -0.0010186933916247
-0.00000336 1.4182078165441923 -0.0010232223540841
-0.00000344 1.4232718260682795 -0.0010277714512374
-0.00000352 1.4284235842902213 -0.0010323407725872
-0.00000360 1.4336515679662476 -0.0010369304080333
-0.00000369 1.4388816229946124 -0.0010415404478751
-0.00000377 1.4441624140847591 -0.0010461709828129
-0.00000386 1.4495045027161468 -0.0010508221039499
-0.00000396 1.4548791156897838 -0.0010554939027936
-0.00000405 1.4602908546253186 -0.0010601864712583
-0.00000415 1.4657293748751945 -0.0010648999016661
-0.00000425 1.4712490752029252 -0.0010696342867492
-0.00000435 1.4768257304836889 -0.0010743897196516
-0.00000445 1.4824028197106545 -0.0010791662939308
-0.00000456 1.4880138046651818 -0.0010839641035598
-0.00000467 1.4936644469840208 -0.0010887832429287
-0.00000478 1.4993817778342051 -0.0010936238068468
-0.00000490 1.5051717280312509 -0.0010984858905442
-0.00000501 1.5109673512117543 -0.0011033695896740
-0.00000514 1.5167610353687153 -0.0011082750003137
-0.00000526 1.5226108690622095 -0.0011132022189674
-0.00000539 1.5285555285412005 -0.0011181513425675
-0.00000552 1.5345409344601708 -0.0011231224684768
-0.00000565 1.5405127827434975 -0.0011281156944901
-0.00000579 1.5465212565303719 -0.0011331311188363
-0.00000593 1.5526000457587381 -0.0011381688401804
-0.00000608 1.5587229220901362 -0.0011432289576251
-0.00000622 1.5648804835219277 -0.0011483115707129
-0.00000638 1.5710632720290922 -0.0011534167794282
-0.00000653 1.5772697435995262 -0.0011585446841988
-0.00000669 1.5835259629833516 -0.0011636953858984
-0.00000686 1.5898393860677147 -0.0011688689858480
-0.00000703 1.5961935903440123 -0.0011740655858183
-0.00000720 1.6025712300321004 -0.0011792852880314
-0.00000738 1.6089690599034918 -0.0011845281951630
-0.00000756 1.6154071616209094 -0.0011897944103440
-0.00000775 1.6219133054354105 -0.0011950840371629
-0.00000794 1.6284503718704133 -0.0012003971796678
-0.00000814 1.6349857466802420 -0.0012057339423680
-0.00000834 1.6415846906259304 -0.0012110944302364
-0.00000855 1.6482478264610798 -0.0012164787487114
-0.00000876 1.6549140685410606 -0.0012218870036987
-0.00000898 1.6616009538899306 -0.0012273193015740
-0.00000921 1.6683470567253744 -0.0012327757491842
-0.00000944 1.6751385769127003 -0.0012382564538501
-0.00000968 1.6819427791393531 -0.0012437615233681
-0.00000992 1.6887787965046632 -0.0012492910660124
-0.00001017 1.6956679906838510 -0.0012548451905371
-0.00001043 1.7025876001013276 -0.0012604240061783
-0.00001069 1.7095411464879244 -0.0012660276226562
-0.00001097 1.7165359851606570 -0.0012716561501769
-0.00001124 1.7235598421080374 -0.0012773096994349
-0.00001153 1.7306083657460429 -0.0012829883816152
-0.00001183 1.7376925342304090 -0.0012886923083951
-0.00001213 1.7448235055764283 -0.0012944215919466
-0.00001244 1.7519828030663644 -0.0013001763449385
-0.00001276 1.7591716013831065 -0.0013059566805383
-0.00001309 1.7663999600436406 -0.0013117627124149
-0.00001342 1.7736577889541347 -0.0013175945547400
-0.00001377 1.7809456937193018 -0.0013234523221910
-0.00001413 1.7882707609983424 -0.0013293361299528
-0.00001449 1.7956263004445061 -0.0013352460937200
-0.00001487 1.8030123531186593 -0.0013411823296991
-0.00001525 1.8104409555975716 -0.0013471449546107
-0.00001565 1.8178927615336276 -0.0013531340856916
-0.00001606 1.8253713716084763 -0.0013591498406973
-0.00001648 1.8328996169976368 -0.0013651923379040
-0.00001691 1.8404533944534094 -0.0013712616961109
-0.00001736 1.8480258427989420 -0.0013773580346422
-0.00001781 1.8556386097108251 -0.0013834814733497
-0.00001828 1.8632870872167282 -0.0013896321326148
-0.00001877 1.8709570516233140 -0.0013958101333509
-0.00001926 1.8786554248035041 -0.0014020155970055
-0.00001977 1.8863938881285616 -0.0014082486455625
-0.00002030 1.8941669285695204 -0.0014145094015444
-0.00002084 1.9019650132145751 -0.0014207979880150
-0.00002140 1.9097884826552707 -0.0014271145285807
-0.00002197 1.9176413953923113 -0.0014334591473940
-0.00002256 1.9255256586072649 -0.0014398319691549
-0.00002316 1.9334442809719772 -0.0014462331191136
-0.00002379 1.9413926150293253 -0.0014526627230726
-0.00002443 1.9493627033169199 -0.0014591209073891
-0.00002509 1.9573595704069908 -0.0014656077989774
-0.00002577 1.9653893559954141 -0.0014721235253110
-0.00002647 1.9734508342296964 -0.0014786682144251
-0.00002719 1.9815399566497387 -0.0014852419949187
-0.00002793 1.9896509097804778 -0.0014918449959571
-0.00002870 1.9977915819541674 -0.0014984773472743
-0.00002948 2.0059669267017179 -0.0015051391791751
-0.00003029 2.0141595910261083 -0.0015118306225375
-0.00003112 2.0223760686620054 -0.0015185518088152
-0.00003198 2.0306296731309006 -0.0015253028700399
-0.00003287 2.0389065685942742 -0.0015320839388234
-0.00003378 2.0472049729328359 -0.0015388951483600
-0.00003472 2.0555318435885912 -0.0015457366324291
-0.00003568 2.0638852571494333 -0.0015526085253971
-0.00003668 2.0722619779343208 -0.0015595109622202
-0.00003771 2.0806632303065009 -0.0015664440784462
-0.00003876 2.0890907986610587 -0.0015734080102177
-0.00003985 2.0975400587285340 -0.0015804028942736
-0.00004098 2.1060132045527578 -0.0015874288679518
-0.00004213 2.1145111592705148 -0.0015944860691918
-0.00004333 2.1230313391689202 -0.0016015746365362
-0.00004456 2.1315751741331517 -0.0016086947091341
-0.00004582 2.1401410117430881 -0.0016158464267425
-0.00004713 2.1487280415204548 -0.0016230299297292
-0.00004848 2.1573353907933583 -0.0016302453590748
-0.00004987 2.1659645332499506 -0.0016374928563755
-0.00005131 2.1746167678713091 -0.0016447725638447
-0.00005278 2.1832894632355195 -0.0016520846243159
-0.00005431 2.1919801794920200 -0.0016594291812445
-0.00005588 2.2006891482351074 -0.0016668063787107
-0.00005751 2.2094179249550479 -0.0016742163614211
-0.00005918 2.2181672077222929 -0.0016816592747114
-0.00006091 2.2269338392200058 -0.0016891352645486
-0.00006270 2.2357168743129927 -0.0016966444775333
-0.00006454 2.2445184702554410 -0.0017041870609015
-0.00006644 2.2533348105828122 -0.0017117631625274
-0.00006840 2.2621671401732875 -0.0017193729309253
-0.00007043 2.2710179475693200 -0.0017270165152519
-0.00007252 2.2798833354796999 -0.0017346940653081
-0.00007468 2.2887618466863033 -0.0017424057315418
-0.00007691 2.2976535279691754 -0.0017501516650496
-0.00007922 2.3065583431658849 -0.0017579320175789
-0.00008160 2.3154772169129805 -0.0017657469415300
-0.00008405 2.3244088712481061 -0.0017735965899586
-0.00008659 2.3333503717214996 -0.0017814811165772
-0.00008922 2.3423019008947232 -0.0017894006757574
-0.00009193 2.3512645673357269 -0.0017973554225319
-0.00009474 2.3602370847025664 -0.0018053455125965
-0.00009763 2.3692185563778048 -0.0018133711023119
-0.00010063 2.3782070679101617 -0.0018214323487056
-0.00010373 2.3872019411803143 -0.0018295294094734
-0.00010693 2.3962049062644133 -0.0018376624429819
-0.00011024 2.4052131824371066 -0.0018458316082699
-0.00011366 2.4142252641213684 -0.0018540370650503
-0.00011721 2.4232430045466615 -0.0018622789737116
-0.00012087 2.4322639972029729 -0.0018705574953193
-0.00012466 2.4412854430899968 -0.0018788727916178
-0.00012858 2.4503081862900231 -0.0018872250250319
-0.00013264 2.4593327198657984 -0.0018956143586680
-0.00013684 2.4683575885520872 -0.0019040409563158
-0.00014119 2.4773807088312325 -0.0019125049824494
-0.00014570 2.4864006840149449 -0.0019210066022286
-0.00015036 2.4954171060474546 -0.0019295459815001
-0.00015518 2.5044290386886421 -0.0019381232867986
-0.00016018 2.5134359389840388 -0.0019467386853479
-0.00016536 2.5224373902588169 -0.0019553923450616
-0.00017072 2.5314306991655049 -0.0019640844345443
-0.00017628 2.5404138802719634 -0.0019728151230918
-0.00018204 2.5493877504874134 -0.0019815845806924
-0.00018801 2.5583509947018364 -0.0019903929780269
-0.00019419 2.5673010852594387 -0.0019992404864693
-0.00020061 2.5762376854198776 -0.0020081272780873
-0.00020726 2.5851596338923928 -0.0020170535256418
-0.00021415 2.5940653791707358 -0.0020260194025872
-0.00022130 2.6029535437765969 -0.0020350250830717
-0.00022872 2.6118222665110569 -0.0020440707419365
-0.00023641 2.6206705252645111 -0.0020531565547162
-0.00024440 2.6294970015842565 -0.0020622826976373
-0.00025268 2.6383000664645775 -0.0020714493476179
-0.00026128 2.6470782629434422 -0.0020806566822670
-0.00027021 2.6558296528170908 -0.0020899048798827
-0.00027947 2.6645529246265585 -0.0020991941194513
-0.00028910 2.6732467075820434 -0.0021085245806460
-0.00029909 2.6819088242184232 -0.0021178964438244
-0.00030948 2.6905376767446305 -0.0021273098900274
-0.00032026 2.6991315614556477 -0.0021367651009761
-0.00033147 2.7076884399356191 -0.0021462622590697
-0.00034312 2.7162067448775864 -0.0021558015473827
-0.00035523 2.7246846940612302 -0.0021653831496617
-0.00036782 2.7331199284584686 -0.0021750072503216
-0.00038091 2.7415101933982760 -0.0021846740344424
-0.00039453 2.7498540179260313 -0.0021943836877650
-0.00040869 2.7581494106123121 -0.0022041363966861
-0.00042343 2.7663937304027422 -0.0022139323482544
-0.00043876 2.7745847914976918 -0.0022237717301641
-0.00045472 2.7827203979145949 -0.0022336547307500
-0.00047134 2.7907986032323402 -0.0022435815389811
-0.00048864 2.7988170188193329 -0.0022535523444537
-0.00050666 2.8067725046546812 -0.0022635673373844
-0.00052543 2.8146627029036706 -0.0022736267086025
-0.00054499 2.8224857840442508 -0.0022837306495411
-0.00056537 2.8302389700157229 -0.0022938793522288
-0.00058661 2.8379189259028750 -0.0023040730092799
-0.00060875 2.8455232983793062 -0.0023143118138840
-0.00063185 2.8530495713642154 -0.0023245959597950
-0.00065593 2.8604944777711236 -0.0023349256413196
-0.00068106 2.8678552148165601 -0.0023453010533044
-0.00070728 2.8751287944842949 -0.0023557223911228
-0.00073464 2.8823120662531414 -0.0023661898506604
-0.00076321 2.8894020020153302 -0.0023767036282997
-0.00079304 2.8963951487107189 -0.0023872639209042
-0.00082420 2.9032883139494898 -0.0023978709258003
-0.00085675 2.9100784319753332 -0.0024085248407594
-0.00089076 2.9167616203847473 -0.0024192258639775
-0.00092631 2.9233342020798863 -0.0024299741940547
-0.00096348 2.9297929815987462 -0.0024407700299726
-0.00100235 2.9361341557687095 -0.0024516135710699
-0.00104301 2.9423537521872674 -0.0024625050170179
-0.00108556 2.9484480196003520 -0.0024734445677924
-0.00113009 2.9544129054259387 -0.0024844324236458
-0.00117670 2.9602442246147525 -0.0024954687850755
-0.00122551 2.9659379522342402 -0.0025065538527919
-0.00127665 2.9714898482722933 -0.0025176878276836
-0.00133022 2.9768954020498817 -0.0025288709107802
-0.00138637 2.9821501724207171 -0.0025401033032129
-0.00144524 2.9872497284032189 -0.0025513852061728
-0.00150698 2.9921893234203525 -0.0025627168208662
-0.00157175 2.9969640050518196 -0.0025740983484671
-0.00163971 3.0015689904703815 -0.0025855299900668
-0.00171105 3.0059993519370543 -0.0025970119466204
-0.00178596 3.0102498257464636 -0.0026085444188890
-0.00186465 3.0143151719030747 -0.0026201276073793
-0.00194732 3.0181900798070802 -0.0026317617122785
-0.00203422 3.0218690160450059 -0.0026434469333850
-0.00212560 3.0253463694653848 -0.0026551834700353
-0.00222170 3.0286164005001437 -0.0026669715210250
-0.00232282 3.0316732114569684 -0.0026788112845256
-0.00242926 3.0345107942166871 -0.0026907029579954
-0.00254134 3.0371229700262861 -0.0027026467380843
-0.00265939 3.0395034539877628 -0.0027146428205328
-0.00278379 3.0416458383565437 -0.0027266914000640
-0.00291494 3.0435435351751892 -0.0027387926702680
-0.00305323 3.0451897988648011 -0.0027509468234793
-0.00319914 3.0465777388968114 -0.0027631540506454
-0.00335314 3.0477003309114288 -0.0027754145411866
-0.00351574 3.0485503764255295 -0.0027877284828461
-0.00368750 3.0491205126828018 -0.0028000960615303
-0.00386902 3.0494032250560856 -0.0028125174611374
-0.00406093 3.0493908323768331 -0.0028249928633751
-0.00426391 3.0490754661461956 -0.0028375224475640
-0.00447872 3.0484490815024530 -0.0028501063904293
-0.00470614 3.0475034879026146 -0.0028627448658762
-0.00494702 3.0462302877968028 -0.0028754380447500
-0.00520230 3.0446208880590171 -0.0028881860945791
-0.00547295 3.0426665400190167 -0.0029009891792996
-0.00576006 3.0403583008801545 -0.0029138474589592
-0.00606478 3.0376870245877132 -0.0029267610894013
-0.00638837 3.0346433470721621 -0.0029397302219242
-0.00673216 3.0312177141538106 -0.0029527550029161
-0.00709763 3.0274004043295353 -0.0029658355734630
-0.00748637 3.0231814672846959 -0.0029789720689266
-0.00790008 3.0185507162038805 -0.0029921646184915
-0.00834063 3.0134977705344763 -0.0030054133446773
-0.00881004 3.0080120490845941 -0.0030187183628135
-0.00931050 3.0020827363601432 -0.0030320797804739
-0.00984441 2.9956987890010742 -0.0030454976968682
-0.01041435 2.9888489439978034 -0.0030589722021839
-0.01102315 2.9815217142521937 -0.0030725033768788
-0.01167391 2.9737053930893746 -0.0030860912909152
-0.01236997 2.9653880231779151 -0.0030997360029345
-0.01311501 2.9565574114790953 -0.0031134375593639
-0.01391305 2.9472011479714593 -0.0031271959934508
-0.01476847 2.9373065768855722 -0.0031410113242187
-0.01568608 2.9268608032747583 -0.0031548835553352
-0.01667116 2.9158506929497929 -0.0031688126738872
-0.01772948 2.9042628753792425 -0.0031827986490514
-0.01886741 2.8920837440309044 -0.0031968414306535
-0.02009192 2.8792994498905640 -0.0032109409476019
-0.02141071 2.8658959135980595 -0.0032250971061879
-0.02283226 2.8518588206775020 -0.0032393097882373
-0.02436592 2.8371736221180970 -0.0032535788490981
-0.02602201 2.8218255465941562 -0.0032679041154512
-0.02781197 2.8057996034339743 -0.0032822853829237
-0.02974845 2.7890805844422224 -0.0032967224134865
-0.03184546 2.7716530723423549 -0.0033112149326153
-0.03411858 2.7535014540778597 -0.0033257626261888
-0.03658512 2.7346099303696678 -0.0033403651370996
-0.03926436 2.7149625252030898 -0.0033550220615463
-0.04217774 2.6945431000148905 -0.0033697329449748
-0.04534923 2.6733353743997430 -0.0033844972776318
-0.04880562 2.6513229449803770 -0.0033993144896892
-0.05257687 2.6284893050670424 -0.0034141839458935
-0.05669658 2.6048178726423967 -0.0034291049396900
-0.06120246 2.5802920195666337 -0.0034440766867645
-0.06613694 2.5548951049677995 -0.0034590983179386
-0.07154777 2.5286105138852619 -0.0034741688713489
-0.07748883 2.5014216999069090 -0.0034892872838292
-0.08402097 2.4733122352688559 -0.0035044523814094
-0.09121310 2.4442658676372169 -0.0035196628688306
-0.09914330 2.4142665825585037 -0.0035349173179679
-0.10790023 2.3832986755158623 -0.0035502141550355
-0.11758481 2.3513468343634791 -0.0035655516464395
-0.12831205 2.3183962308430361 -0.0035809278831227
-0.14021324 2.2844326239315027 -0.0035963407632338
-0.15343853 2.2494424778193918 -0.0036117879729282
-0.16816007 2.2134130951252424 -0.0036272669650926
-0.18457555 2.1763327657923277 -0.0036427749357595
-0.20291228 2.1381909356965969 -0.0036583087979535
-0.22343240 2.0989783974908476 -0.0036738651526890
-0.24643865 2.0586875045930979 -0.0036894402568077
-0.27228123 2.0173124122593200 -0.0037050299873212
-0.30136619 1.9748493492598114 -0.0037206298018957
-0.33416519 1.9312969229149783 -0.0037362346950934
-0.37122706 1.8866564615541943 -0.0037518391499629
-0.41319182 1.8409323986050885 -0.0037674370845587
-0.46080689 1.7941327022910731 -0.0037830217929704
-0.51494634 1.7462693555407862 -0.0037985858804525
-0.57663407 1.6973588909228186 -0.0038141211922842
-0.64707217 1.6474229846139075 -0.0038296187360620
-0.72767243 1.5964891130663648 -0.0038450685972391
-0.82009402 1.5445912761541585 -0.0038604598479056
-0.92629038 1.4917707886285072 -0.0038757804490588
-1.04856112 1.4380771394139398 -0.0038910171469797
-1.18961286 1.3835689160977449 -0.0039061553648258
-1.35262964 1.3283147877870958 -0.0039211790912280
-1.54135478 1.2723945337619604 -0.0039360707685550
-1.76018001 1.2159000981252541 -0.0039508111846467
-2.01424284 1.1589366413034492 -0.0039653793732415
-2.30953122 1.1016235472713816 -0.0039797525300658
-2.65299309 1.0440953307052030 -0.0039939059536172
-3.05263322 0.9865023711521541 -0.0040078130220258
-3.51759594 0.9290113821952204 -0.0040214452198929
-4.05821513 0.8718055034473290 -0.0040347722314903
-4.68601289 0.8150838843533041 -0.0040477621187964
-5.41361117 0.7590606145278451 -0.0040603816040207
-6.25451635 0.7039628504072418 -0.0040725964758308
-7.22278178 0.6500279982309366 -0.0040843721355790
-8.33245600 0.5974998455985077 -0.0040956742935031
-9.59682379 0.5466235943294121 -0.0041064698143997
-11.02744715 0.4976398396341858 -0.0041167276972950
-12.63302062 0.4507776631729550 -0.0041264201547275
-14.41808516 0.4062471509494776 -0.0041355237361350
-16.38177447 0.3642317920265902 -0.0041440204196513
-18.51673330 0.3248813327243970 -0.0041518985816933
-20.80844216 0.2883057213305660 -0.0041591537487324
-23.23500279 0.2545707526200545 -0.0041657890443653
-25.76761930 0.2236958961402524 -0.0041718152685685
-28.37182819 0.1956545764851276 -0.0041772505826360
-31.00932582 0.1703769010769325 -0.0041821198169525
-33.64015959 0.1477545522335287 -0.0041864534612951
-36.22512221 0.1276473298400972 -0.0041902864305240
-38.72805010 0.1098906906231941 -0.0041936567163568
-41.11759365 0.0943035976836419 -0.0041966040364283
-43.36853422 0.0806960612456954 -0.0041991685770577
-45.46245633 0.0688758897288885 -0.0042013899011301
-47.38777468 0.0586543416388313 -0.0042033060634194
-49.13924652 0.0498505383906602 -0.0042049529480119
-50.71718155 0.0422946407098250 -0.0042063638200286
-52.12640511 0.0358298940472272 -0.0042075690683046
-53.37528582 0.0303137097375384 -0.0042085961070486
-54.47451835 0.0256179740965243 -0.0042094694016656
-55.43631416 0.0216287764986063 -0.0042102105852541
-56.27358367 0.0182457292325775 -0.0042108386361819
-56.99927414 0.0153810249392787 -0.0042113700922457
-57.62602256 0.0129583477849271 -0.0042118192822596
-58.16561211 0.0109117261926144 -0.0042121985608797
-58.62911112 0.0091843902522818 -0.0042125185367420
-59.02670458 0.0077276761538090 -0.0042127882874430
-59.36721902 0.0065000039427158 -0.0042130155575749
-59.65861486 0.0054659438078095 -0.0042132069379879
-59.90802388 0.0045953763707994 -0.0042133680258519
-60.12152422 0.0038627462391902 -0.0042135035660241
-60.30441011 0.0032464059979467 -0.0042136175748089
-60.46131107 0.0027280440772374 -0.0042137134475352
-60.59611991 0.0022921884751506 -0.0042137940515180
-60.71226404 0.0019257795889666 -0.0042138618060079
-60.81262253 0.0016178025811543 -0.0042139187506761
-60.89955308 0.0013589728428724 -0.0042139666040869
-60.97521219 0.0011414712870551 -0.0042140068134852
-61.04143481 0.0009587158980448 -0.0042140405970947
-61.09961457 0.0008051641033428 -0.0042140689799839
-61.15099279 0.0006761535845916 -0.0042140928244317
-61.19672249 0.0005677667623381 -0.0042141128556020
-61.23766072 0.0004767078203997 -0.0042141296832295
-61.27458604 0.0004002057401278 -0.0042141438199185
-61.30811797 0.0003359307990207 -0.0042141556965747
-61.33875694 0.0002819236526433 -0.0042141656754095
-61.36701556 0.0002365415792645 -0.0042141740608949
-61.39325388 0.0001983999619695 -0.0042141811089889
-61.41778659 0.0001663345455607 -0.0042141870349031
-61.44095887 0.0001393718068760 -0.0042141920196410
-61.46294030 0.0001166842999104 -0.0042141962155049
-61.48387792 0.0000975710844144 -0.0042141997507326
-61.50393238 0.0000814486963469 -0.0042142027334061
-61.52331233 0.0000678295381909 -0.0042142052547477
-61.54214457 0.0000562945670396 -0.0042142073919043
-61.56043599 0.0000464819229758 -0.0042142092103046
-61.57829242 0.0000380906490327 -0.0042142107656590
-61.59582321 0.0000308670551752 -0.0042142121056652
-61.61310511 0.0000245873744732 -0.0042142132714691
-61.63011563 0.0000190537028894 -0.0042142142989280
-61.64691749 0.0000140959955425 -0.0042142152197130
-61.66358505 0.0000095624599378 -0.0042142160622850
-61.68010220 0.0000052866676133 -0.0042142168527746
-61.69650041 0.0000012081969607 -0.0042142176157926
